8.975979010256549540e-01 0.000000000000000000e+00 -2.220446049250309925e-14 -7.105427357601000281e-15
8.975979010256549540e-01 1.000000000000000056e-01 1.071292326583090038e+01 1.414038946721979961e+01
8.975979010256549540e-01 2.000000000000000111e-01 1.819452627162669955e+01 1.960932170916949957e+01
8.975979010256549540e-01 2.999999999999999889e-01 2.344031147078619881e+01 2.231069697149759889e+01
8.975979010256549540e-01 4.000000000000000222e-01 2.708934048077509971e+01 2.374337620026039986e+01
8.975979010256549540e-01 5.000000000000000000e-01 2.956486926437769824e+01 2.447563680484620008e+01
8.975979010256549540e-01 5.999999999999999778e-01 3.115838069335089955e+01 2.477560938621320119e+01
8.975979010256549540e-01 6.999999999999999556e-01 3.207768120943539714e+01 2.478891846753279893e+01
8.975979010256549540e-01 8.000000000000000444e-01 3.247531628899039902e+01 2.460284130484379972e+01
8.975979010256549540e-01 9.000000000000000222e-01 3.246603742973969986e+01 2.427362235719130013e+01
8.975979010256549540e-01 1.000000000000000000e+00 3.213794910052330067e+01 2.383956642809109994e+01
8.975979010256549540e-01 1.100000000000000089e+00 3.155986490909290154e+01 2.332790775583880105e+01
8.975979010256549540e-01 1.199999999999999956e+00 3.078630797871560176e+01 2.275868012748849978e+01
8.975979010256549540e-01 1.300000000000000044e+00 2.986099993869810021e+01 2.214702731967659943e+01
8.975979010256549540e-01 1.399999999999999911e+00 2.881935234237079868e+01 2.150465027679519991e+01
8.975979010256549540e-01 1.500000000000000000e+00 2.769028276551370027e+01 2.084075104248559995e+01
8.975979010256549540e-01 1.600000000000000089e+00 2.649756326565719888e+01 2.016267014381969958e+01
8.975979010256549540e-01 1.699999999999999956e+00 2.526083835799170174e+01 1.947633006899550168e+01
8.975979010256549540e-01 1.800000000000000044e+00 2.399640510779009972e+01 1.878655200679959947e+01
8.975979010256549540e-01 1.899999999999999911e+00 2.271781911824939826e+01 1.809728733706609916e+01
8.975979010256549540e-01 2.000000000000000000e+00 2.143637114609489913e+01 1.741179030581239928e+01
8.975979010256549540e-01 2.100000000000000089e+00 2.016146624215890171e+01 1.673274919516800097e+01
8.975979010256549540e-01 2.200000000000000178e+00 1.890092850904740018e+01 1.606238760472270144e+01
8.975979010256549540e-01 2.299999999999999822e+00 1.766124842789470151e+01 1.540254381346900026e+01
8.975979010256549540e-01 2.399999999999999911e+00 1.644778535948989884e+01 1.475473379898090087e+01
8.975979010256549540e-01 2.500000000000000000e+00 1.526493470484509984e+01 1.412020188720850022e+01
8.975979010256549540e-01 2.600000000000000089e+00 1.411626694144599981e+01 1.349996191083370078e+01
8.975979010256549540e-01 2.700000000000000178e+00 1.300464408184149967e+01 1.289483099227619967e+01
8.975979010256549540e-01 2.799999999999999822e+00 1.193231785886139917e+01 1.230545752890030009e+01
8.975979010256549540e-01 2.899999999999999911e+00 1.090101300762800030e+01 1.173234457155199983e+01
8.975979010256549540e-01 3.000000000000000000e+00 9.911998305320340208e+00 1.117586950643650034e+01
8.975979010256549540e-01 3.100000000000000089e+00 8.966147486270060085e+00 1.063630074319249985e+01
8.975979010256549540e-01 3.200000000000000178e+00 8.063991730067389341e+00 1.011381195756040086e+01
8.975979010256549540e-01 3.299999999999999822e+00 7.205765093251190301e+00 9.608494320582819270e+00
8.975979010256549540e-01 3.399999999999999911e+00 6.391443998395679671e+00 9.120367057569410463e+00
8.975979010256549540e-01 3.500000000000000000e+00 5.620781691412630288e+00 8.649386611824789739e+00
