1.346396851538480099e+00 0.000000000000000000e+00 -2.220446049250309925e-14 -7.105427357601000281e-15
1.346396851538480099e+00 1.000000000000000056e-01 4.240665740890960045e+00 1.599328459899039956e+01
1.346396851538480099e+00 2.000000000000000111e-01 7.834903739462220074e+00 2.153052090224199944e+01
1.346396851538480099e+00 2.999999999999999889e-01 1.083894450839880008e+01 2.429110968351880118e+01
1.346396851538480099e+00 4.000000000000000222e-01 1.332374152935899936e+01 2.589568171138029840e+01
1.346396851538480099e+00 5.000000000000000000e-01 1.535501480224669990e+01 2.690077375444399976e+01
1.346396851538480099e+00 5.999999999999999778e-01 1.699033866009320093e+01 2.755055934845280063e+01
1.346396851538480099e+00 6.999999999999999556e-01 1.827941297484180083e+01 2.796980947275709894e+01
1.346396851538480099e+00 8.000000000000000444e-01 1.926502182580659905e+01 2.822937960404700064e+01
1.346396851538480099e+00 9.000000000000000222e-01 1.998405674034099988e+01 2.837277524987180044e+01
1.346396851538480099e+00 1.000000000000000000e+00 2.046843755330040082e+01 2.842837273997470149e+01
1.346396851538480099e+00 1.100000000000000089e+00 2.074589658890119992e+01 2.841559641241250134e+01
1.346396851538480099e+00 1.199999999999999956e+00 2.084063255685019911e+01 2.834827934606769873e+01
1.346396851538480099e+00 1.300000000000000044e+00 2.077385173209869862e+01 2.823660342033119974e+01
1.346396851538480099e+00 1.399999999999999911e+00 2.056421525433929887e+01 2.808827537649879957e+01
1.346396851538480099e+00 1.500000000000000000e+00 2.022820947417769943e+01 2.790926966671059972e+01
1.346396851538480099e+00 1.600000000000000089e+00 1.978045360004649922e+01 2.770431443841210140e+01
1.346396851538480099e+00 1.699999999999999956e+00 1.923395631322799915e+01 2.747721928367990074e+01
1.346396851538480099e+00 1.800000000000000044e+00 1.860033078070599899e+01 2.723110222966040084e+01
1.346396851538480099e+00 1.899999999999999911e+00 1.788997564946409824e+01 2.696855068074239981e+01
1.346396851538480099e+00 2.000000000000000000e+00 1.711222811623289886e+01 2.669173794086229989e+01
1.346396851538480099e+00 2.100000000000000089e+00 1.627549397711040058e+01 2.640250917110660112e+01
1.346396851538480099e+00 2.200000000000000178e+00 1.538735861539140082e+01 2.610244588017189926e+01
1.346396851538480099e+00 2.299999999999999822e+00 1.445468213396950041e+01 2.579291505527159956e+01
1.346396851538480099e+00 2.399999999999999911e+00 1.348368124011190083e+01 2.547510711677890072e+01
1.346396851538480099e+00 2.500000000000000000e+00 1.248000001268530035e+01 2.515006561449740019e+01
1.346396851538480099e+00 2.600000000000000089e+00 1.144877129932650028e+01 2.481871073491220159e+01
1.346396851538480099e+00 2.700000000000000178e+00 1.039467018347320071e+01 2.448185810949690122e+01
1.346396851538480099e+00 2.799999999999999822e+00 9.321960712885479339e+00 2.414023401215959908e+01
1.346396851538480099e+00 2.899999999999999911e+00 8.234536880023290095e+00 2.379448775068459909e+01
1.346396851538480099e+00 3.000000000000000000e+00 7.135958680801319787e+00 2.344520185467460038e+01
1.346396851538480099e+00 3.100000000000000089e+00 6.029483944307649779e+00 2.309290051602890159e+01
1.346396851538480099e+00 3.200000000000000178e+00 4.918096516127669737e+00 2.273805663067869887e+01
1.346396851538480099e+00 3.299999999999999822e+00 3.804531287304270037e+00 2.238109771078159937e+01
1.346396851538480099e+00 3.399999999999999911e+00 2.691296485990459786e+00 2.202241087700850031e+01
1.346396851538480099e+00 3.500000000000000000e+00 1.580693586582069932e+00 2.166234709548869830e+01
