1.570796326794900111e+00 0.000000000000000000e+00 -2.220446049250309925e-14 -7.105427357601000281e-15
1.570796326794900111e+00 1.000000000000000056e-01 -2.198468509812340126e-14 1.621101443724759861e+01
1.570796326794900111e+00 2.000000000000000111e-01 -2.155495519968359852e-14 2.176045659286739919e+01
1.570796326794900111e+00 2.999999999999999889e-01 -2.103783712001879936e-14 2.454979143628829874e+01
1.570796326794900111e+00 4.000000000000000222e-01 -2.047286679863140037e-14 2.621128333367489915e+01
1.570796326794900111e+00 5.000000000000000000e-01 -9.939001025175910258e-15 2.729909728463779928e+01
1.570796326794900111e+00 5.999999999999999778e-01 -9.631490493604880311e-15 2.805398873797510007e+01
1.570796326794900111e+00 6.999999999999999556e-01 -9.316852758134749647e-15 2.859769677638179886e+01
1.570796326794900111e+00 8.000000000000000444e-01 -8.997019701087409716e-15 2.899852041892189902e+01
1.570796326794900111e+00 9.000000000000000222e-01 -8.673330291940070094e-15 2.929780123553990023e+01
1.570796326794900111e+00 1.000000000000000000e+00 -8.346754433843989212e-15 2.952205940527359829e+01
1.570796326794900111e+00 1.100000000000000089e+00 -8.018019970204550135e-15 2.968910569687270140e+01
1.570796326794900111e+00 1.199999999999999956e+00 -7.687689224159539931e-15 2.981135418639350121e+01
1.570796326794900111e+00 1.300000000000000044e+00 -7.356207418454920610e-15 2.989772675483299835e+01
1.570796326794900111e+00 1.399999999999999911e+00 -7.023934555992090108e-15 2.995480229763489888e+01
1.570796326794900111e+00 1.500000000000000000e+00 -6.691167126820979638e-15 2.998753884822890114e+01
1.570796326794900111e+00 1.600000000000000089e+00 -6.358153316867529960e-15 2.999974322658329839e+01
1.570796326794900111e+00 1.699999999999999956e+00 -6.025103930180530137e-15 2.999438566753400082e+01
1.570796326794900111e+00 1.800000000000000044e+00 -5.692200403920740075e-15 2.997381609695949933e+01
1.570796326794900111e+00 1.899999999999999911e+00 -5.359600803085890163e-15 2.993991619837069962e+01
1.570796326794900111e+00 2.000000000000000000e+00 -5.027444381033210080e-15 2.989420849015580117e+01
1.570796326794900111e+00 2.100000000000000089e+00 -4.695855102390959938e-15 2.983793596908509826e+01
1.570796326794900111e+00 2.200000000000000178e+00 -4.364944402509990017e-15 2.977212119336390117e+01
1.570796326794900111e+00 2.299999999999999822e+00 8.069626753247260654e-15 2.969761074184630090e+01
1.570796326794900111e+00 2.399999999999999911e+00 7.411109074386889425e-15 2.961510910016119880e+01
1.570796326794900111e+00 2.500000000000000000e+00 6.754506480565479974e-15 2.952520478734309961e+01
1.570796326794900111e+00 2.600000000000000089e+00 6.099977710912439704e-15 2.942839070910140009e+01
1.570796326794900111e+00 2.700000000000000178e+00 5.447671469951229622e-15 2.932508016055410138e+01
1.570796326794900111e+00 2.799999999999999822e+00 4.797728049116180278e-15 2.921561951150859926e+01
1.570796326794900111e+00 2.899999999999999911e+00 4.150280696202769849e-15 2.910029833365230090e+01
1.570796326794900111e+00 3.000000000000000000e+00 3.505456782982230038e-15 2.897935753410499871e+01
1.570796326794900111e+00 3.100000000000000089e+00 4.295068215482540025e-15 2.885299591917910078e+01
1.570796326794900111e+00 3.200000000000000178e+00 3.336247922907750080e-15 2.872137550953160101e+01
1.570796326794900111e+00 3.299999999999999822e+00 2.381897207503530173e-15 2.858462585205160167e+01
1.570796326794900111e+00 3.399999999999999911e+00 1.432185156515049958e-15 2.844284751718339876e+01
1.570796326794900111e+00 3.500000000000000000e+00 4.872779499964210131e-16 2.829611492760169966e+01
