2.243994752564139883e-01 2.000000000000000111e-01 2.490192391745290124e+01 9.629123749088220663e+00
2.243994752564139883e-01 2.999999999999999889e-01 3.090355928007220143e+01 1.220611079311889924e+01
2.243994752564139883e-01 4.000000000000000222e-01 3.472726089298460295e+01 1.390634913765759961e+01
2.243994752564139883e-01 5.000000000000000000e-01 3.708432405198919923e+01 1.498129299337660036e+01
2.243994752564139883e-01 5.999999999999999778e-01 3.841029691636420296e+01 1.559938816015560015e+01
2.243994752564139883e-01 6.999999999999999556e-01 3.898960777310740156e+01 1.587809840983780063e+01
2.243994752564139883e-01 8.000000000000000444e-01 3.901733341682869849e+01 1.590201859089759928e+01
2.243994752564139883e-01 9.000000000000000222e-01 3.863248858997260271e+01 1.573367941292049998e+01
2.243994752564139883e-01 1.000000000000000000e+00 3.793719228711999847e+01 1.542028906257679921e+01
2.243994752564139883e-01 1.100000000000000089e+00 3.700830987489249679e+01 1.499810378142150036e+01
2.243994752564139883e-01 1.199999999999999956e+00 3.590484573749459685e+01 1.449535617119789954e+01
2.243994752564139883e-01 1.300000000000000044e+00 3.467281653936719721e+01 1.393427410043550019e+01
2.243994752564139883e-01 1.399999999999999911e+00 3.334856820365679653e+01 1.333250795588159932e+01
2.243994752564139883e-01 1.500000000000000000e+00 3.196109706162729935e+01 1.270416220724919931e+01
2.243994752564139883e-01 1.600000000000000089e+00 3.053371400551980130e+01 1.206055580205610056e+01
2.243994752564139883e-01 1.699999999999999956e+00 2.908526340745889982e+01 1.141079262848439946e+01
2.243994752564139883e-01 1.800000000000000044e+00 2.763103306861570019e+01 1.076219631666380039e+01
2.243994752564139883e-01 1.899999999999999911e+00 2.618344517697819995e+01 1.012064641293500067e+01
2.243994752564139883e-01 2.000000000000000000e+00 2.475258907484429827e+01 9.490841690708139211e+00
2.243994752564139883e-01 2.100000000000000089e+00 2.334663778141279877e+01 8.876508836848920225e+00
2.243994752564139883e-01 2.200000000000000178e+00 2.197217775458110012e+01 8.280569633278810571e+00
2.243994752564139883e-01 2.299999999999999822e+00 2.063447297228439936e+01 7.705276210166699613e+00
2.243994752564139883e-01 2.399999999999999911e+00 1.933767864097460176e+01 7.152321455477760104e+00
2.243994752564139883e-01 2.500000000000000000e+00 1.808501580616449900e+01 6.622929887876000343e+00
2.243994752564139883e-01 2.600000000000000089e+00 1.687891527905669875e+01 6.117933014349249632e+00
2.243994752564139883e-01 2.700000000000000178e+00 1.572113723463020030e+01 5.637832252532880339e+00
2.243994752564139883e-01 2.799999999999999822e+00 1.461287133563650009e+01 5.182851800340870341e+00
2.243994752564139883e-01 2.899999999999999911e+00 1.355482112926699934e+01 4.752983313302560298e+00
2.243994752564139883e-01 3.000000000000000000e+00 1.254727563648559929e+01 4.348023854987689951e+00
2.243994752564139883e-01 3.100000000000000089e+00 1.159017043038820027e+01 3.967608284260800033e+00
2.243994752564139883e-01 3.200000000000000178e+00 1.068314002488929937e+01 3.611237010713599815e+00
2.243994752564139883e-01 3.299999999999999822e+00 9.825563029799740278e+00 3.278299869080520068e+00
2.243994752564139883e-01 3.399999999999999911e+00 9.016601245119510111e+00 2.968096722072799842e+00
2.243994752564139883e-01 3.500000000000000000e+00 8.255233645913779839e+00 2.679855289544189834e+00
