0.000000000000000000e+00 0.000000000000000000e+00 0.000000000000000000e+00 -7.105427357601000281e-15
0.000000000000000000e+00 1.000000000000000056e-01 1.576875220451310078e+01 -7.044448982385810116e-15
0.000000000000000000e+00 2.000000000000000111e-01 2.534574890656379864e+01 -6.895738632978269958e-15
0.000000000000000000e+00 2.999999999999999889e-01 3.142948053866809843e+01 -6.692441061284559943e-15
0.000000000000000000e+00 4.000000000000000222e-01 3.532934938331580099e+01 -6.454228766705679965e-15
0.000000000000000000e+00 5.000000000000000000e-01 3.776871540729730015e+01 -6.193818746504870076e-15
0.000000000000000000e+00 5.999999999999999778e-01 3.918498758184760078e+01 -5.919914555449280302e-15
0.000000000000000000e+00 6.999999999999999556e-01 3.986087735909489993e+01 -5.638713275056180184e-15
0.000000000000000000e+00 8.000000000000000444e-01 3.998866261203360040e+01 -5.354751284778459711e-15
0.000000000000000000e+00 9.000000000000000222e-01 3.970445752205790058e+01 -5.071413167085799832e-15
0.000000000000000000e+00 1.000000000000000000e+00 3.910775691328760217e+01 -4.791255222329890183e-15
0.000000000000000000e+00 1.100000000000000089e+00 3.827320475444579984e+01 -4.516220507243099713e-15
0.000000000000000000e+00 1.199999999999999956e+00 3.725800615137389826e+01 -4.247787147007479886e-15
0.000000000000000000e+00 1.300000000000000044e+00 3.610677553725650313e+01 -3.987073857026939852e-15
0.000000000000000000e+00 1.399999999999999911e+00 3.485481207809289828e+01 -3.734917039125419985e-15
0.000000000000000000e+00 1.500000000000000000e+00 3.353037528656510347e+01 -3.491928413970599839e-15
0.000000000000000000e+00 1.600000000000000089e+00 3.215630517022489698e+01 -3.258538970695569900e-15
0.000000000000000000e+00 1.699999999999999956e+00 3.075120088318979938e+01 -3.035033072873670172e-15
0.000000000000000000e+00 1.800000000000000044e+00 2.933029481636529923e+01 -2.821575336443660067e-15
0.000000000000000000e+00 1.899999999999999911e+00 2.790611207455090081e+01 -2.618232102408679848e-15
0.000000000000000000e+00 2.000000000000000000e+00 2.648897581376209942e+01 -2.424988800602430005e-15
0.000000000000000000e+00 2.100000000000000089e+00 2.508739995275600165e+01 -2.241764143285479856e-15
0.000000000000000000e+00 2.200000000000000178e+00 2.370839829937229837e+01 -2.068421839678150132e-15
0.000000000000000000e+00 2.299999999999999822e+00 2.235773075704929980e+01 -1.904780347865919932e-15
0.000000000000000000e+00 2.399999999999999911e+00 2.104010154813040145e+01 -1.750621055284939955e-15
0.000000000000000000e+00 2.500000000000000000e+00 1.975932040521630029e+01 -1.605695187857600034e-15
0.000000000000000000e+00 2.600000000000000089e+00 1.851843486595349830e+01 -1.469729680604410020e-15
0.000000000000000000e+00 2.700000000000000178e+00 1.731983978849320138e+01 -1.342432192311970076e-15
0.000000000000000000e+00 2.799999999999999822e+00 1.616536873922429862e+01 -1.223495408849539948e-15
0.000000000000000000e+00 2.899999999999999911e+00 1.505637082693939988e+01 -1.112600750695389997e-15
0.000000000000000000e+00 3.000000000000000000e+00 1.399377575647559979e+01 -1.009421577821830059e-15
0.000000000000000000e+00 3.100000000000000089e+00 1.297814927288239950e+01 -9.136259676229169080e-16
0.000000000000000000e+00 3.200000000000000178e+00 1.200974071032729995e+01 -8.248791278388039893e-16
0.000000000000000000e+00 3.299999999999999822e+00 1.108852401003020027e+01 -7.428454955477569625e-16
0.000000000000000000e+00 3.399999999999999911e+00 1.021423330117159978e+01 -6.671905646042569788e-16
0.000000000000000000e+00 3.500000000000000000e+00 9.386393928129850295e+00 -5.975824769072710051e-16
