1.121997376282070080e+00 0.000000000000000000e+00 -2.220446049250309925e-14 -7.105427357601000281e-15
1.121997376282070080e+00 1.000000000000000056e-01 7.817369280314130364e+00 1.532289172961199952e+01
1.121997376282070080e+00 2.000000000000000111e-01 1.377120948153010005e+01 2.083368065506889977e+01
1.121997376282070080e+00 2.999999999999999889e-01 1.827664304372660098e+01 2.354816549941649839e+01
1.121997376282070080e+00 4.000000000000000222e-01 2.165538463111780132e+01 2.505011571903689926e+01
1.121997376282070080e+00 5.000000000000000000e-01 2.414712164104059866e+01 2.590378520881450086e+01
1.121997376282070080e+00 5.999999999999999778e-01 2.593202135146060172e+01 2.636409917784229862e+01
1.121997376282070080e+00 6.999999999999999556e-01 2.714775748128419863e+01 2.656491517840839833e+01
1.121997376282070080e+00 8.000000000000000444e-01 2.790132544372909962e+01 2.658429852630429835e+01
1.121997376282070080e+00 9.000000000000000222e-01 2.827718936463480048e+01 2.647145666281669918e+01
1.121997376282070080e+00 1.000000000000000000e+00 2.834296742965209859e+01 2.625931910903450017e+01
1.121997376282070080e+00 1.100000000000000089e+00 2.815346656226429900e+01 2.597098934801750048e+01
1.121997376282070080e+00 1.199999999999999956e+00 2.775359641924639931e+01 2.562330638003020056e+01
1.121997376282070080e+00 1.300000000000000044e+00 2.718050999494380093e+01 2.522893143494270163e+01
1.121997376282070080e+00 1.399999999999999911e+00 2.646520130902489853e+01 2.479763241596170076e+01
1.121997376282070080e+00 1.500000000000000000e+00 2.563371557799710132e+01 2.433710811300549892e+01
1.121997376282070080e+00 1.600000000000000089e+00 2.470807840239080022e+01 2.385353626097440127e+01
1.121997376282070080e+00 1.699999999999999956e+00 2.370701819616089878e+01 2.335194937869799858e+01
1.121997376282070080e+00 1.800000000000000044e+00 2.264653438268170049e+01 2.283649954838049823e+01
1.121997376282070080e+00 1.899999999999999911e+00 2.154034907019709877e+01 2.231064944094839930e+01
1.121997376282070080e+00 2.000000000000000000e+00 2.040026965643690104e+01 2.177731307238029856e+01
1.121997376282070080e+00 2.100000000000000089e+00 1.923648259774320124e+01 2.123896149539890033e+01
1.121997376282070080e+00 2.200000000000000178e+00 1.805779343781649970e+01 2.069770351905529893e+01
1.121997376282070080e+00 2.299999999999999822e+00 1.687182448203209972e+01 2.015534830770729968e+01
1.121997376282070080e+00 2.399999999999999911e+00 1.568517879479770016e+01 1.961345460602870006e+01
1.121997376282070080e+00 2.500000000000000000e+00 1.450357719748649998e+01 1.907336993964829830e+01
1.121997376282070080e+00 2.600000000000000089e+00 1.333197345223699948e+01 1.853626219523999907e+01
1.121997376282070080e+00 2.700000000000000178e+00 1.217465169250430002e+01 1.800314533193200006e+01
1.121997376282070080e+00 2.799999999999999822e+00 1.103530930616589956e+01 1.747490051897199947e+01
1.121997376282070080e+00 2.899999999999999911e+00 9.917127821044889657e+00 1.695229366941149962e+01
1.121997376282070080e+00 3.000000000000000000e+00 8.822833835420759385e+00 1.643599010488069823e+01
1.121997376282070080e+00 3.100000000000000089e+00 7.754751640710259686e+00 1.592656691489989917e+01
1.121997376282070080e+00 3.200000000000000178e+00 6.714848873092240211e+00 1.542452344714600088e+01
1.121997376282070080e+00 3.299999999999999822e+00 5.704776285459930207e+00 1.493029026999299980e+01
1.121997376282070080e+00 3.399999999999999911e+00 4.725902535824800133e+00 1.444423687670339973e+01
1.121997376282070080e+00 3.500000000000000000e+00 3.779344731955930126e+00 1.396667834567240085e+01
