6.731984257692410489e-01 0.000000000000000000e+00 -2.220446049250309925e-14 -7.105427357601000281e-15
6.731984257692410489e-01 1.000000000000000056e-01 1.293830394848109933e+01 1.232595379234009947e+01
6.731984257692410489e-01 2.000000000000000111e-01 2.140152400216980055e+01 1.768677793602200055e+01
6.731984257692410489e-01 2.999999999999999889e-01 2.702391050800730099e+01 2.043459356037930164e+01
6.731984257692410489e-01 4.000000000000000222e-01 3.073406785462340096e+01 2.188770722860689943e+01
6.731984257692410489e-01 5.000000000000000000e-01 3.310091369902919922e+01 2.259534749767080086e+01
6.731984257692410489e-01 5.999999999999999778e-01 3.449478143350550141e+01 2.283289857264430012e+01
6.731984257692410489e-01 6.999999999999999556e-01 3.516852548541380230e+01 2.275638686724120063e+01
6.731984257692410489e-01 8.000000000000000444e-01 3.530145886813529899e+01 2.246219213467529840e+01
6.731984257692410489e-01 9.000000000000000222e-01 3.502467015283399832e+01 2.201377046802170057e+01
6.731984257692410489e-01 1.000000000000000000e+00 3.443638137109469710e+01 2.145497358798089849e+01
6.731984257692410489e-01 1.100000000000000089e+00 3.361167641975710296e+01 2.081726121717440137e+01
6.731984257692410489e-01 1.199999999999999956e+00 3.260889445475999793e+01 2.012387298324160056e+01
6.731984257692410489e-01 1.300000000000000044e+00 3.147396664662409904e+01 1.939237517502539987e+01
6.731984257692410489e-01 1.399999999999999911e+00 3.024343989057139837e+01 1.863628675585919936e+01
6.731984257692410489e-01 1.500000000000000000e+00 2.894663647121710071e+01 1.786615767980960001e+01
6.731984257692410489e-01 1.600000000000000089e+00 2.760722981399829834e+01 1.709030764713849848e+01
6.731984257692410489e-01 1.699999999999999956e+00 2.624441621460830021e+01 1.631534670398760056e+01
6.731984257692410489e-01 1.800000000000000044e+00 2.487380106617980147e+01 1.554655127129069925e+01
6.731984257692410489e-01 1.899999999999999911e+00 2.350807948101120104e+01 1.478814172210559974e+01
6.731984257692410489e-01 2.000000000000000000e+00 2.215756628982720144e+01 1.404349127720460011e+01
6.731984257692410489e-01 2.100000000000000089e+00 2.083061396942889942e+01 1.331528594467940074e+01
6.731984257692410489e-01 2.200000000000000178e+00 1.953394599099020112e+01 1.260564888323940025e+01
6.731984257692410489e-01 2.299999999999999822e+00 1.827292550117320147e+01 1.191623845726079978e+01
6.731984257692410489e-01 2.399999999999999911e+00 1.705177396460389971e+01 1.124832652675990019e+01
6.731984257692410489e-01 2.500000000000000000e+00 1.587375065618680026e+01 1.060286167220369968e+01
6.731984257692410489e-01 2.600000000000000089e+00 1.474130120648040077e+01 9.980520783718979771e+00
6.731984257692410489e-01 2.700000000000000178e+00 1.365618144997040062e+01 9.381751553700109270e+00
6.731984257692410489e-01 2.799999999999999822e+00 1.261956138770499969e+01 8.806807777655849989e+00
6.731984257692410489e-01 2.899999999999999911e+00 1.163211300457050079e+01 8.255778910008899629e+00
6.731984257692410489e-01 3.000000000000000000e+00 1.069408487529370078e+01 7.728614986170749823e+00
6.731984257692410489e-01 3.100000000000000089e+00 9.805365880495319431e+00 7.225147773629119641e+00
6.731984257692410489e-01 3.200000000000000178e+00 8.965539884058200570e+00 6.745108828417239799e+00
6.731984257692410489e-01 3.299999999999999822e+00 8.173932859338510326e+00 6.288144992109970133e+00
6.731984257692410489e-01 3.399999999999999911e+00 7.429653667986180210e+00 5.853831756404799691e+00
6.731984257692410489e-01 3.500000000000000000e+00 6.731629472057670149e+00 5.441684838844749628e+00
