4.487989505128279766e-01 0.000000000000000000e+00 -2.220446049250309925e-14 -7.105427357601000281e-15
4.487989505128279766e-01 1.000000000000000056e-01 1.451332839522929952e+01 9.664835730251500223e+00
4.487989505128279766e-01 2.000000000000000111e-01 2.359778735411089912e+01 1.467095856659969932e+01
4.487989505128279766e-01 2.999999999999999889e-01 2.944157243730489881e+01 1.748380894462059842e+01
4.487989505128279766e-01 4.000000000000000222e-01 3.318766644424510304e+01 1.907120501687380099e+01
4.487989505128279766e-01 5.000000000000000000e-01 3.550020268044919902e+01 1.990115971831220065e+01
4.487989505128279766e-01 5.999999999999999778e-01 3.679583841017949908e+01 2.023215427943749845e+01
4.487989505128279766e-01 6.999999999999999556e-01 3.735142645574990183e+01 2.022070064957319957e+01
4.487989505128279766e-01 8.000000000000000444e-01 3.735924751423250001e+01 1.996813134590270167e+01
4.487989505128279766e-01 9.000000000000000222e-01 3.695756901258729954e+01 1.954344248034060172e+01
4.487989505128279766e-01 1.000000000000000000e+00 3.624860774794480278e+01 1.899546602000840068e+01
4.487989505128279766e-01 1.100000000000000089e+00 3.530962543224899974e+01 1.835981878823940150e+01
4.487989505128279766e-01 1.199999999999999956e+00 3.420007246299449832e+01 1.766309724526099956e+01
4.487989505128279766e-01 1.300000000000000044e+00 3.296635206340960167e+01 1.692552934231860107e+01
4.487989505128279766e-01 1.399999999999999911e+00 3.164509505277250057e+01 1.616271743061739841e+01
4.487989505128279766e-01 1.500000000000000000e+00 3.026547086261010122e+01 1.538682244952510025e+01
4.487989505128279766e-01 1.600000000000000089e+00 2.885085653140859918e+01 1.460739192649760021e+01
4.487989505128279766e-01 1.699999999999999956e+00 2.742006692347320040e+01 1.383195361157480008e+01
4.487989505128279766e-01 1.800000000000000044e+00 2.598827818858130101e+01 1.306645057231830087e+01
4.487989505128279766e-01 1.899999999999999911e+00 2.456773235966269908e+01 1.231556638402160075e+01
4.487989505128279766e-01 2.000000000000000000e+00 2.316828292062560024e+01 1.158297245013389976e+01
4.487989505128279766e-01 2.100000000000000089e+00 2.179782289246000104e+01 1.087151906016769942e+01
4.487989505128279766e-01 2.200000000000000178e+00 2.046262481478879991e+01 1.018338507262160064e+01
4.487989505128279766e-01 2.299999999999999822e+00 1.916761373858160056e+01 9.520196679668590178e+00
4.487989505128279766e-01 2.399999999999999911e+00 1.791658863737779939e+01 8.883122727588439460e+00
4.487989505128279766e-01 2.500000000000000000e+00 1.671240363535979867e+01 8.272952020730059530e+00
4.487989505128279766e-01 2.600000000000000089e+00 1.555711759266609917e+01 7.690156608715070341e+00
4.487989505128279766e-01 2.700000000000000178e+00 1.445211852266399966e+01 7.134944044062589974e+00
4.487989505128279766e-01 2.799999999999999822e+00 1.339822780370069921e+01 6.607300869007519672e+00
4.487989505128279766e-01 2.899999999999999911e+00 1.239578802765070087e+01 6.107029059198220367e+00
4.487989505128279766e-01 3.000000000000000000e+00 1.144473748855330086e+01 5.633776759898940334e+00
4.487989505128279766e-01 3.100000000000000089e+00 1.054467367973130010e+01 5.187064357533269998e+00
4.487989505128279766e-01 3.200000000000000178e+00 9.694907682678380212e+00 4.766306708386609969e+00
4.487989505128279766e-01 3.299999999999999822e+00 8.894510957015320685e+00 4.370832177759269577e+00
4.487989505128279766e-01 3.399999999999999911e+00 8.142355750022389316e+00 3.999899013147480087e+00
4.487989505128279766e-01 3.500000000000000000e+00 7.437150116352110096e+00 3.652709474301699899e+00
