0.000000000000000000e+00 0.000000000000000000e+00 1.529744728000000054e+00 0.000000000000000000e+00 0.000000000000000000e+00 0.000000000000000000e+00
1.586200000000000066e-03 3.861799999999999955e-02 1.529744728000000054e+00 4.020461000000000173e-02 8.919999999999999978e-05 1.528501676999999948e+00
2.780400000000000146e-03 6.904500000000000914e-02 1.530548975999999950e+00 7.182535799999999193e-02 4.807930000000000298e-04 3.603170833999999711e+00
3.686299999999999993e-03 9.966300000000000159e-02 1.533825898999999993e+00 1.033493680000000109e-01 1.117123999999999938e-03 5.342820837999999739e+00
4.375399999999999776e-03 1.301100000000000034e-01 1.537180203000000134e+00 1.344846130000000028e-01 1.851417999999999857e-03 6.646746237000000335e+00
4.997099999999999979e-03 1.569900000000000184e-01 1.538976979000000078e+00 1.619893280000000158e-01 2.737429999999999898e-03 8.255122722000001190e+00
5.384199999999999577e-03 1.816000000000000114e-01 1.541156364000000112e+00 1.869858769999999948e-01 3.403287999999999973e-03 9.138615777000000051e+00
5.529600000000000834e-03 2.087199999999999889e-01 1.544309750999999897e+00 2.142507750000000044e-01 3.653612000000000092e-03 1.086054459999999899e+01
5.787099999999999883e-03 2.435199999999999865e-01 1.547035939999999998e+00 2.493021439999999755e-01 4.155718000000000086e-03 1.289379850999999988e+01
6.683099999999999978e-03 2.643400000000000194e-01 1.545519789000000088e+00 2.710281219999999824e-01 6.428165999999999915e-03 1.438958118000000042e+01
7.203600000000000107e-03 3.104600000000000137e-01 1.547597331999999826e+00 3.176621270000000163e-01 8.002340000000000148e-03 1.717018148000000011e+01
8.094099999999999906e-03 3.251900000000000346e-01 1.545911264999999979e+00 3.332867339999999734e-01 1.140685100000000084e-02 1.809540000000000148e+01
9.222100000000000436e-03 3.471400000000000041e-01 1.544236689000000107e+00 3.563621909999999948e-01 1.695189199999999966e-02 1.946198830000000157e+01
1.046899999999999914e-02 4.016199999999999770e-01 1.544735565000000088e+00 4.120910129999999505e-01 2.476413700000000204e-02 2.270565301999999974e+01
1.207000000000000087e-02 4.317600000000000326e-01 1.542847945000000109e+00 4.438344949999999955e-01 3.815869700000000531e-02 2.432748537999999883e+01
1.429000000000000062e-02 4.503300000000000081e-01 1.539073670999999921e+00 4.646206139999999873e-01 6.400523499999999366e-02 2.594931774000000146e+01
1.593699999999999978e-02 4.831500000000000239e-01 1.537823535000000019e+00 4.990913420000000489e-01 8.908430300000000357e-02 2.788277852999999951e+01
1.835200000000000026e-02 4.973600000000000243e-01 1.533913249999999895e+00 5.157091529999999757e-01 1.375404709999999975e-01 2.897469999999999857e+01
2.013799999999999965e-02 5.603100000000000858e-01 1.534871709000000140e+00 5.804526920000000478e-01 1.812285789999999730e-01 3.324756335000000007e+01
2.363099999999999923e-02 5.729100000000000303e-01 1.529573239000000084e+00 5.965452720000000708e-01 2.971753310000000425e-01 3.405847952999999961e+01
3.689700000000000618e-02 5.943899999999999739e-01 1.508800310999999894e+00 6.312850340000000227e-01 1.196638815000000022e+00 3.653779999999999717e+01
3.689700000000000618e-02 5.943899999999999739e-01 1.508800310999999894e+00 6.312850340000000227e-01 1.196638815000000022e+00 3.653779999999999717e+01
4.076300000000000062e-02 5.935000000000000275e-01 1.502221511999999981e+00 6.342660289999999534e-01 2.133571975999999815e+00 3.673470755000000310e+01
4.458999999999999769e-02 5.926799999999999846e-01 1.495704541999999915e+00 6.372742169999999762e-01 3.070505137000000051e+00 3.693161511000000274e+01
4.837799999999999739e-02 5.919300000000000672e-01 1.489249079000000142e+00 6.403092150000000427e-01 4.007438298000000287e+00 3.712852266000000157e+01
5.212899999999999479e-02 5.912399999999999878e-01 1.482854788000000035e+00 6.433706449999999633e-01 4.944371459000000080e+00 3.732543022000000121e+01
5.584600000000000675e-02 5.906100000000000794e-01 1.476521318000000083e+00 6.464581310000000469e-01 5.881304618999999789e+00 3.752233777000000003e+01
5.952799999999999758e-02 5.900400000000000089e-01 1.470248306999999865e+00 6.495713010000000454e-01 6.818237779999999582e+00 3.771924531999999886e+01
6.317899999999999905e-02 5.895299999999999985e-01 1.464035380000000108e+00 6.527097870000000412e-01 7.755170941000000262e+00 3.791615287999999850e+01
6.679899999999999727e-02 5.890699999999999825e-01 1.457882149000000016e+00 6.558732270000000586e-01 8.692104102000000054e+00 3.811306042999999733e+01
7.277699999999999447e-02 5.881699999999999706e-01 1.447687314000000169e+00 6.609425220000000323e-01 1.346059108999999943e+01 3.845979137999999864e+01
7.867699999999999694e-02 5.874000000000000332e-01 1.437648696999999975e+00 6.660794620000000110e-01 1.822907808000000074e+01 3.880652232999999995e+01
8.450499999999999678e-02 5.867799999999999683e-01 1.427764713000000185e+00 6.712824940000000629e-01 2.299756505999999945e+01 3.915325328000000127e+01
9.026599999999999902e-02 5.862800000000000233e-01 1.418033703999999950e+00 6.765500930000000190e-01 2.776605204999999899e+01 3.949998423000000258e+01
9.596399999999999375e-02 5.859199999999999964e-01 1.408453945999999846e+00 6.818807640000000836e-01 3.253453903999999852e+01 3.984671517999999679e+01
1.015999999999999959e-01 5.856700000000000239e-01 1.399023656999999865e+00 6.872730369999999755e-01 3.730302602999999806e+01 4.019344612999999811e+01
1.071900000000000075e-01 5.855399999999999494e-01 1.389741004000000002e+00 6.927254759999998956e-01 4.207151300999999677e+01 4.054017707999999942e+01
1.127200000000000008e-01 5.855100000000000859e-01 1.380604111000000023e+00 6.982366700000000037e-01 4.684000000000000341e+01 4.088690803000000074e+01
1.130099999999999855e-01 5.876600000000000712e-01 1.380813875000000079e+00 7.006627370000000354e-01 4.615525000000000233e+01 4.115248154999999741e+01
1.132900000000000157e-01 5.897999999999999909e-01 1.381022191000000010e+00 7.030888349999999676e-01 4.547050000000000125e+01 4.141805507000000119e+01
1.135800000000000004e-01 5.919399999999999107e-01 1.381229074000000168e+00 7.055149629999999394e-01 4.478575000000000017e+01 4.168362857999999704e+01
1.138599999999999890e-01 5.940800000000000525e-01 1.381434539000000017e+00 7.079411209999999510e-01 4.410100000000000620e+01 4.194920210000000083e+01
1.141400000000000053e-01 5.962199999999999722e-01 1.381638600999999911e+00 7.103673090000001134e-01 4.341624999999999801e+01 4.221477561999999750e+01
1.144299999999999901e-01 5.983600000000000030e-01 1.381841274000000119e+00 7.127935259999998996e-01 4.273149999999999693e+01 4.248034914000000128e+01
1.147099999999999925e-01 6.005099999999999882e-01 1.382042570999999942e+00 7.152197719999999759e-01 4.204675000000000296e+01 4.274592264999999713e+01
1.150000000000000050e-01 6.026500000000000190e-01 1.382242508000000036e+00 7.176460470000000091e-01 4.136199999999999477e+01 4.301149617000000092e+01
1.161799999999999916e-01 6.068200000000000260e-01 1.381621451000000000e+00 7.230035920000000838e-01 3.821345648999999867e+01 4.342224810000000446e+01
1.173700000000000021e-01 6.109899999999999221e-01 1.381009530000000041e+00 7.283614109999999586e-01 3.506491298000000256e+01 4.383300003000000089e+01
1.185599999999999848e-01 6.151600000000000401e-01 1.380406546999999984e+00 7.337194990000001082e-01 3.191636946999999935e+01 4.424375195999999733e+01
1.197400000000000131e-01 6.193400000000000016e-01 1.379812306999999905e+00 7.390778500000000362e-01 2.876782597000000052e+01 4.465450389000000087e+01
1.209299999999999958e-01 6.235100000000000087e-01 1.379226620999999930e+00 7.444364580000000231e-01 2.561928246000000087e+01 4.506525581999999730e+01
1.221099999999999963e-01 6.276800000000000157e-01 1.378649308000000184e+00 7.497953179999999884e-01 2.247073895000000121e+01 4.547600775000000084e+01
1.233000000000000068e-01 6.318600000000000882e-01 1.378080188000000206e+00 7.551544240000001018e-01 1.932219544000000155e+01 4.588675967999999727e+01
1.244799999999999934e-01 6.360299999999999843e-01 1.377519088999999974e+00 7.605137720000000323e-01 1.617365192999999834e+01 4.629751161000000081e+01
1.244799999999999934e-01 6.360299999999999843e-01 1.377519088999999974e+00 7.605137720000000323e-01 1.617365192999999834e+01 4.629751161000000081e+01
1.244799999999999934e-01 6.360299999999999843e-01 1.377519088999999974e+00 7.605137720000000323e-01 1.617365192999999834e+01 4.629751161000000081e+01
1.265300000000000036e-01 6.364499999999999602e-01 1.374543554000000167e+00 7.629818709999999227e-01 1.535928615999999991e+01 4.548165280999999993e+01
1.285799999999999998e-01 6.368800000000000017e-01 1.371587234000000155e+00 7.654566809999999721e-01 1.454492038000000065e+01 4.466579400999999905e+01
1.306200000000000139e-01 6.373199999999999976e-01 1.368649994000000092e+00 7.679381390000000751e-01 1.373055461000000044e+01 4.384993520999999816e+01
1.326499999999999901e-01 6.377800000000000136e-01 1.365731699999999993e+00 7.704261790000000998e-01 1.291618882999999940e+01 4.303407639999999645e+01
1.346799999999999942e-01 6.382399999999999185e-01 1.362832218999999956e+00 7.729207379999999405e-01 1.210182305999999919e+01 4.221821760000000268e+01
1.366999999999999882e-01 6.387199999999999545e-01 1.359951418000000078e+00 7.754217529999999359e-01 1.128745727999999993e+01 4.140235880000000179e+01
1.387200000000000100e-01 6.392100000000000559e-01 1.357089163000000154e+00 7.779291620000000629e-01 1.047309150999999972e+01 4.058650000000000091e+01
1.514099999999999890e-01 6.419199999999999351e-01 1.339154175999999863e+00 7.933371129999999827e-01 9.726221294000000128e+00 3.568366813000000093e+01
1.639400000000000024e-01 6.450500000000000123e-01 1.321907874999999954e+00 8.089904850000000369e-01 8.979351079000000624e+00 3.078083626000000095e+01
1.763299999999999867e-01 6.485400000000000054e-01 1.305321029000000133e+00 8.248753049999999476e-01 8.232480862999999260e+00 2.587800439000000097e+01
1.885999999999999899e-01 6.523700000000000054e-01 1.289365145000000101e+00 8.409784590000000115e-01 7.485610647000000561e+00 2.097517251000000016e+01
2.007700000000000040e-01 6.565199999999999925e-01 1.274012569000000150e+00 8.572876440000000153e-01 6.738740431000000086e+00 1.607234064000000018e+01
2.128500000000000114e-01 6.609399999999999720e-01 1.259236561000000032e+00 8.737913229999999531e-01 5.991870216000000582e+00 1.116950877000000020e+01
2.248600000000000043e-01 6.656199999999999894e-01 1.245011340000000022e+00 8.904786809999999386e-01 5.245000000000000107e+00 6.266676899000000134e+00
2.248600000000000043e-01 6.656199999999999894e-01 1.245011340000000022e+00 8.904786809999999386e-01 5.245000000000000107e+00 6.266676899000000134e+00
2.604599999999999693e-01 6.635699999999999932e-01 1.196764944999999969e+00 9.240226440000000041e-01 2.875000000000000000e+00 2.027290448000000023e+00
3.065800000000000192e-01 6.615900000000000114e-01 1.136850761000000043e+00 9.681746790000000935e-01 5.600000000000000533e-01 8.109161790000000147e-01
3.523800000000000265e-01 6.631100000000000882e-01 1.082338961000000044e+00 1.015493117000000112e+00 0.000000000000000000e+00 0.000000000000000000e+00
