0.000000000000000000e+00 0.000000000000000000e+00 -7.606784599999999452e-01 0.000000000000000000e+00 0.000000000000000000e+00 0.000000000000000000e+00
9.726700000000000346e-01 -9.257299999999999418e-01 -7.606784599999999452e-01 4.693743999999999694e-02 8.460933620000000710e-01 1.119836824999999925e+00
3.595200000000000173e+00 -3.513100000000000112e+00 -7.738526449999999501e-01 8.207225999999999411e-02 2.553316163999999944e+00 2.269613055000000212e+00
1.836899999999999977e+00 -1.949400000000000022e+00 -8.150813540000000357e-01 1.124219409999999975e-01 4.363265007999999945e+00 3.461622122000000079e+00
1.040100000000000025e+00 -1.180700000000000083e+00 -8.485955640000000244e-01 1.405366309999999952e-01 7.010563022999999561e+00 4.559999259999999666e+00
7.335000000000000409e-01 -8.998500000000000387e-01 -8.868967749999999706e-01 1.663539059999999958e-01 1.171140587000000011e+01 5.685261230000000054e+00
7.335000000000000409e-01 -8.998500000000000387e-01 -8.868967749999999706e-01 1.663539059999999958e-01 1.171140587000000011e+01 5.685261230000000054e+00
6.640599999999999836e-01 -8.349400000000000155e-01 -8.989052720000000329e-01 1.708815160000000111e-01 1.394321520000000092e+01 5.890303323999999563e+00
6.109499999999999931e-01 -7.863899999999999224e-01 -9.102923059999999955e-01 1.754324929999999949e-01 1.617502453000000173e+01 6.095345417000000765e+00
5.691500000000000448e-01 -7.491499999999999826e-01 -9.211021649999999727e-01 1.800050660000000191e-01 1.840683385999999899e+01 6.300387511000000273e+00
5.354899999999999105e-01 -7.200800000000000534e-01 -9.313753029999999322e-01 1.845976289999999853e-01 2.063864318999999981e+01 6.505429603999999699e+00
5.078899999999999526e-01 -6.970899999999999874e-01 -9.411487090000000277e-01 1.892087280000000205e-01 2.287045252000000062e+01 6.710471697999999208e+00
4.742199999999999749e-01 -6.676199999999999912e-01 -9.531803370000000442e-01 1.933988239999999970e-01 2.607945923999999849e+01 6.910392907999999501e+00
4.463399999999999590e-01 -6.439600000000000879e-01 -9.647000909999999818e-01 1.976157260000000193e-01 2.928846595999999991e+01 7.110314117999999795e+00
4.229100000000000636e-01 -6.247699999999999365e-01 -9.757370850000000040e-01 2.018577560000000271e-01 3.249747267000000051e+01 7.310235329000000171e+00
4.029699999999999949e-01 -6.090899999999999093e-01 -9.863185150000000068e-01 2.061233610000000049e-01 3.570647938999999838e+01 7.510156538999999576e+00
3.858099999999999863e-01 -5.962199999999999722e-01 -9.964697879999999675e-01 2.104111069999999861e-01 3.891548611000000335e+01 7.710077748999999869e+00
3.810899999999999843e-01 -5.959999999999999742e-01 -1.001901447000000056e+00 2.149124419999999813e-01 3.632652729000000136e+01 7.947690402999999293e+00
3.769899999999999918e-01 -5.964099999999999957e-01 -1.007110095999999899e+00 2.194198560000000242e-01 3.373756846999999937e+01 8.185303056000000410e+00
3.734199999999999742e-01 -5.973500000000000476e-01 -1.012108926000000020e+00 2.239329839999999738e-01 3.114860964000000010e+01 8.422915709999999834e+00
3.703199999999999825e-01 -5.987700000000000244e-01 -1.016910130999999939e+00 2.284514869999999809e-01 2.855965082000000166e+01 8.660528362999999175e+00
3.676400000000000223e-01 -6.006100000000000882e-01 -1.021524992999999881e+00 2.329750510000000163e-01 2.597069199999999967e+01 8.898141017000000375e+00
3.802800000000000069e-01 -6.193199999999999816e-01 -1.020126925000000018e+00 2.390417750000000119e-01 2.452079078999999950e+01 9.124825497999999868e+00
3.929599999999999760e-01 -6.380700000000000260e-01 -1.018798067999999946e+00 2.451089429999999958e-01 2.307088959000000017e+01 9.351509977999999279e+00
4.056699999999999751e-01 -6.568500000000000449e-01 -1.017533409999999972e+00 2.511765240000000121e-01 2.162098838000000001e+01 9.578194459000000549e+00
4.184199999999999586e-01 -6.756600000000000383e-01 -1.016328412999999875e+00 2.572444869999999661e-01 2.017108718000000067e+01 9.804878938999999960e+00
4.311899999999999622e-01 -6.945000000000000062e-01 -1.015178954000000022e+00 2.633128060000000104e-01 1.872118597000000051e+01 1.003156341999999945e+01
4.311899999999999622e-01 -6.945000000000000062e-01 -1.015178954000000022e+00 2.633128060000000104e-01 1.872118597000000051e+01 1.003156341999999945e+01
4.343500000000000139e-01 -7.246500000000000163e-01 -1.030821035999999857e+00 2.902991030000000028e-01 1.647937063999999907e+01 1.098828350000000142e+01
5.232499999999999929e-01 -8.413899999999999713e-01 -1.014434250999999954e+00 3.181338930000000009e-01 1.385302876999999988e+01 1.223250490000000035e+01
6.763200000000000323e-01 -1.034299999999999997e+00 -9.916683729999999919e-01 3.579322200000000231e-01 1.185720522999999993e+01 1.319142057000000001e+01
8.598799999999999777e-01 -1.252199999999999980e+00 -9.690721640000000692e-01 3.923657460000000152e-01 1.064536192999999997e+01 1.466791678999999959e+01
1.168299999999999894e+00 -1.602300000000000058e+00 -9.407739370000000045e-01 4.339762479999999534e-01 9.448776882999998961e+00 1.577654481000000075e+01
1.838100000000000067e+00 -2.321299999999999919e+00 -9.010513109999999104e-01 4.832032379999999794e-01 8.651679766000000882e+00 1.710022096999999874e+01
2.713999999999999968e+00 -3.243399999999999839e+00 -8.740230809999999240e-01 5.293638039999999378e-01 8.057219259000000022e+00 1.852415167999999923e+01
4.981099999999999639e+00 -5.556600000000000428e+00 -8.399591779999999730e-01 5.755143240000000215e-01 7.612873199000000035e+00 1.986158797999999948e+01
8.856700000000000017e+00 -9.489100000000000534e+00 -8.198575470000000198e-01 6.324349260000000639e-01 7.126495059999999881e+00 2.140830000000000055e+01
3.861699999999999733e+01 -3.792300000000000182e+01 -7.763320509999999119e-01 6.939324999999999521e-01 6.664057877000000296e+00 2.250080019999999692e+01
1.033599999999999852e+01 -9.581799999999999429e+00 -7.475280949999999480e-01 7.546686940000000288e-01 6.430698593999999879e+00 2.390833509000000134e+01
6.814700000000000202e+00 -5.996100000000000207e+00 -7.215835090000000118e-01 8.186277450000000178e-01 5.811524153999999776e+00 2.567229999999999990e+01
4.557699999999999640e+00 -3.663499999999999979e+00 -6.770574220000000754e-01 8.941900579999999543e-01 5.202999999999999403e+00 2.690990203999999864e+01
3.777899999999999814e+00 -2.793099999999999916e+00 -6.366346420000000839e-01 9.847913940000000421e-01 4.501715028000000451e+00 2.833004556999999934e+01
3.427599999999999980e+00 -2.347300000000000164e+00 -6.004582629999999366e-01 1.080351579000000006e+00 4.040000000000000036e+00 3.045634898999999862e+01
3.427599999999999980e+00 -2.347300000000000164e+00 -6.004582629999999366e-01 1.080351579000000006e+00 4.040000000000000036e+00 3.045634898999999862e+01
3.494400000000000173e+00 -2.410099999999999909e+00 -6.037787230000000172e-01 1.084316877000000012e+00 4.034285714000000134e+00 2.762925152000000040e+01
3.563200000000000145e+00 -2.474899999999999878e+00 -6.070749490000000304e-01 1.088294042000000017e+00 4.028571428999999426e+00 2.480215404000000134e+01
3.634100000000000108e+00 -2.541799999999999837e+00 -6.103471360000000123e-01 1.092282945999999866e+00 4.022857143000000413e+00 2.197505656999999957e+01
3.707199999999999829e+00 -2.610899999999999999e+00 -6.135954759999999730e-01 1.096283459999999987e+00 4.017142856999999623e+00 1.914795909000000051e+01
3.782599999999999962e+00 -2.682300000000000129e+00 -6.168201610000000334e-01 1.100295457000000088e+00 4.011428571000000609e+00 1.632086161999999874e+01
3.860500000000000043e+00 -2.756099999999999994e+00 -6.200213820000000098e-01 1.104318812999999899e+00 4.005714285999999902e+00 1.349376413999999968e+01
3.940799999999999859e+00 -2.832500000000000018e+00 -6.231993300000000513e-01 1.108353402999999959e+00 4.000000000000000000e+00 1.066666666999999968e+01
3.940799999999999859e+00 -2.832500000000000018e+00 -6.231993300000000513e-01 1.108353402999999959e+00 4.000000000000000000e+00 1.066666666999999968e+01
3.057599999999999874e+00 -1.406500000000000083e+00 -4.311387409999999920e-01 1.651090549000000074e+00 1.500000000000000000e+00 5.333333332999999676e+00
3.904300000000000104e+00 -1.072200000000000042e+00 -2.680261969999999661e-01 2.832020143999999906e+00 0.000000000000000000e+00 0.000000000000000000e+00
