0.000000000000000000e+00 0.000000000000000000e+00 6.253845190000000276e-01 0.000000000000000000e+00 0.000000000000000000e+00 0.000000000000000000e+00
1.590099999999999847e-02 1.148199999999999915e-02 6.253845190000000276e-01 2.738245599999999946e-02 2.530020270000000182e-01 5.469155559999999694e-01
3.370599999999999985e-02 2.462100000000000052e-02 6.308737479999999564e-01 5.832727499999999787e-02 7.976351600000000097e-01 1.734826666999999878e+00
4.413399999999999962e-02 3.605400000000000271e-02 6.849842409999999937e-01 8.018811099999999248e-02 1.762287541999999929e+00 2.633280000000000065e+00
5.323699999999999960e-02 4.618600000000000483e-02 7.145910829999999603e-01 9.942262400000000111e-02 2.443241570999999723e+00 3.612088888999999803e+00
6.128499999999999920e-02 5.660700000000000454e-02 7.457369919999999874e-01 1.178919269999999936e-01 3.453150495000000042e+00 4.488533333000000347e+00
6.850199999999999345e-02 6.720599999999998797e-02 7.758524109999999085e-01 1.357084600000000030e-01 4.686660175000000095e+00 5.441777777999999621e+00
7.421200000000000019e-02 7.793100000000000027e-02 8.098413669999999787e-01 1.521432330000000166e-01 6.870775347999999560e+00 6.330311111000000324e+00
7.858800000000000507e-02 9.038099999999998913e-02 8.550799209999999650e-01 1.689683980000000196e-01 1.187495797999999958e+01 7.213866667000000454e+00
8.133700000000000652e-02 1.030299999999999966e-01 9.025165709999999342e-01 1.843660960000000071e-01 2.324866468999999825e+01 8.232533332999999232e+00
8.386299999999999311e-02 1.147599999999999870e-01 9.397272970000000170e-01 1.986243489999999778e-01 2.749423729000000094e+01 9.512533333000000368e+00
8.507299999999999585e-02 1.273200000000000165e-01 9.817310809999999499e-01 2.123891049999999947e-01 2.880000000000000071e+01 1.023146666999999965e+01
8.644699999999999607e-02 1.396999999999999909e-01 1.016649968000000070e+00 2.261421899999999929e-01 3.000000000000000000e+01 1.102684443999999964e+01
8.793099999999999528e-02 1.535600000000000021e-01 1.050764225999999857e+00 2.414933969999999985e-01 3.360000000000000142e+01 1.236906667000000049e+01
9.016200000000000603e-02 1.688699999999999923e-01 1.080396179999999928e+00 2.590349519999999850e-01 3.600000000000000000e+01 1.349690000000000012e+01
9.228899999999999604e-02 1.825600000000000001e-01 1.102735127000000093e+00 2.748489719999999692e-01 3.839999999999999858e+01 1.449635555999999958e+01
9.448200000000001042e-02 1.975500000000000034e-01 1.124693296000000009e+00 2.920362919999999751e-01 4.079999999999999716e+01 1.538168888999999950e+01
9.667299999999999505e-02 2.128099999999999992e-01 1.144402820999999904e+00 3.094853000000000187e-01 4.200000000000000000e+01 1.653297777999999951e+01
9.883500000000000618e-02 2.278999999999999915e-01 1.161591872999999886e+00 3.267320149999999868e-01 4.320000000000000284e+01 1.759253332999999841e+01
1.010500000000000009e-01 2.444000000000000061e-01 1.178719051999999934e+00 3.454512720000000314e-01 4.713765476999999748e+01 1.904035555999999829e+01
1.010500000000000009e-01 2.444000000000000061e-01 1.178719051999999934e+00 3.454512720000000314e-01 4.713765476999999748e+01 1.904035555999999829e+01
1.013700000000000018e-01 2.467400000000000149e-01 1.180986032000000074e+00 3.481084389999999917e-01 4.331065710000000024e+01 1.925785396999999932e+01
1.016799999999999926e-01 2.490800000000000236e-01 1.183218654000000036e+00 3.507673679999999683e-01 3.948365942000000217e+01 1.947535238000000035e+01
1.019999999999999934e-01 2.514300000000000423e-01 1.185417672000000033e+00 3.534280179999999549e-01 3.565666174999999782e+01 1.969285079000000138e+01
1.023099999999999982e-01 2.537800000000000056e-01 1.187583818000000013e+00 3.560903529999999706e-01 3.182966406999999975e+01 1.991034920999999969e+01
1.026200000000000029e-01 2.561300000000000243e-01 1.189717804000000045e+00 3.587543329999999808e-01 2.800266639999999896e+01 2.012784762000000072e+01
1.029400000000000037e-01 2.584800000000000431e-01 1.191820322000000099e+00 3.614199229999999763e-01 2.417566872000000089e+01 2.034534603000000175e+01
1.032499999999999946e-01 2.608400000000000163e-01 1.193892044000000041e+00 3.640870870000000314e-01 2.034867105000000009e+01 2.056284443999999922e+01
1.032499999999999946e-01 2.608400000000000163e-01 1.193892044000000041e+00 3.640870870000000314e-01 2.034867105000000009e+01 2.056284443999999922e+01
1.052900000000000086e-01 2.746999999999999997e-01 1.204779740999999849e+00 3.799957639999999581e-01 1.573067331999999929e+01 2.144079999999999941e+01
1.097700000000000065e-01 2.878399999999999848e-01 1.206461475000000005e+00 3.976113179999999914e-01 1.052325581000000021e+01 2.233991110999999918e+01
1.406799999999999995e-01 2.897000000000000131e-01 1.118735022999999940e+00 4.303825299999999854e-01 8.216097022999999666e+00 2.334542221999999967e+01
1.621200000000000141e-01 2.966699999999999893e-01 1.070684202000000029e+00 4.587883610000000334e-01 6.729618445999999921e+00 2.450488889000000015e+01
2.018400000000000194e-01 3.015499999999999847e-01 9.809548759999999756e-01 5.033895459999999655e-01 5.691003102000000702e+00 2.592820000000000036e+01
2.279699999999999782e-01 3.106400000000000272e-01 9.376975259999998924e-01 5.386161409999999927e-01 4.960615384999999655e+00 2.736675556000000142e+01
2.813300000000000245e-01 3.183199999999999918e-01 8.470082309999998893e-01 5.996576590000000095e-01 4.399796022000000306e+00 2.822364444000000105e+01
3.447899999999999854e-01 3.276300000000000323e-01 7.598746180000000017e-01 6.724168149999999455e-01 4.016825327000000279e+00 2.966648889000000011e+01
4.177500000000000102e-01 3.382199999999999651e-01 6.805827909999999648e-01 7.559641849999999552e-01 3.746628035000000079e+00 3.071079999999999899e+01
4.994100000000000206e-01 3.488600000000000034e-01 6.097486140000000221e-01 8.482761450000000369e-01 3.490299999999999958e+00 3.155306666999999976e+01
6.271100000000000563e-01 3.648099999999999676e-01 5.268716350000000048e-01 9.919198690000000651e-01 3.105376875000000148e+00 3.292088889000000052e+01
7.691999999999999948e-01 3.807300000000000129e-01 4.596127270000000542e-01 1.149935268999999982e+00 3.063741338999999897e+00 3.490915556000000208e+01
8.941700000000000204e-01 3.902700000000000058e-01 4.115411420000000264e-01 1.284444122000000021e+00 2.730399999999999938e+00 3.555555556000000195e+01
1.073900000000000077e+00 4.047100000000000142e-01 3.604092199999999746e-01 1.478595965000000012e+00 2.261046512000000064e+00 3.653688889000000017e+01
1.496099999999999985e+00 4.281399999999999650e-01 2.787168070000000109e-01 1.924258553000000038e+00 2.563682864000000006e+00 3.831466667000000115e+01
1.496099999999999985e+00 4.281399999999999650e-01 2.787168070000000109e-01 1.924258553000000038e+00 2.563682864000000006e+00 3.831466667000000115e+01
1.533000000000000140e+00 4.357100000000000417e-01 2.769121539999999659e-01 1.968751151999999838e+00 2.493222505999999949e+00 3.530311111000000324e+01
1.570000000000000062e+00 4.432800000000000074e-01 2.751872719999999828e-01 2.013249880000000047e+00 2.422762148000000337e+00 3.229155555999999905e+01
1.606899999999999995e+00 4.508499999999999730e-01 2.735369960000000322e-01 2.057754339000000154e+00 2.352301789999999837e+00 2.928000000000000114e+01
1.643899999999999917e+00 4.584100000000000397e-01 2.719565950000000232e-01 2.102264164999999796e+00 2.281841431999999781e+00 2.626844445000000050e+01
1.680800000000000072e+00 4.659800000000000053e-01 2.704417330000000175e-01 2.146779024000000202e+00 2.211381074000000169e+00 2.325688888999999904e+01
1.717799999999999994e+00 4.735300000000000065e-01 2.689884200000000058e-01 2.191298608999999953e+00 2.140920716000000112e+00 2.024533333000000113e+01
1.754699999999999926e+00 4.810899999999999621e-01 2.675929880000000316e-01 2.235822638000000140e+00 2.070460358000000056e+00 1.723377778000000049e+01
1.791700000000000070e+00 4.886499999999999733e-01 2.662520489999999906e-01 2.280350850000000040e+00 2.000000000000000000e+00 1.422222222000000080e+01
1.800300000000000011e+00 4.939399999999999902e-01 2.677752089999999585e-01 2.294263104000000109e+00 1.975000000000000089e+00 1.288888889000000049e+01
1.808899999999999952e+00 4.992399999999999616e-01 2.692800039999999617e-01 2.308180616000000018e+00 1.949999999999999956e+00 1.155555554999999934e+01
1.817600000000000104e+00 5.045300000000000340e-01 2.707667579999999963e-01 2.322103290999999903e+00 1.925000000000000044e+00 1.022222222000000080e+01
1.826200000000000045e+00 5.098199999999999399e-01 2.722357860000000351e-01 2.336031038999999865e+00 1.899999999999999911e+00 8.888888888000000321e+00
1.834899999999999975e+00 5.151000000000000023e-01 2.736873980000000262e-01 2.349963768000000286e+00 1.875000000000000000e+00 7.555555554999999757e+00
1.843499999999999917e+00 5.203899999999999082e-01 2.751218960000000324e-01 2.363901390999999741e+00 1.850000000000000089e+00 6.222222222000000080e+00
1.852200000000000069e+00 5.256699999999999706e-01 2.765395740000000102e-01 2.377843820999999913e+00 1.824999999999999956e+00 4.888888888999999516e+00
1.860800000000000010e+00 5.309500000000000330e-01 2.779407210000000017e-01 2.391790974000000070e+00 1.800000000000000044e+00 3.555555556000000283e+00
1.860800000000000010e+00 5.309500000000000330e-01 2.779407210000000017e-01 2.391790974000000070e+00 1.800000000000000044e+00 3.555555556000000283e+00
1.973300000000000054e+00 5.804899999999999505e-01 2.860981229999999820e-01 2.553806278000000152e+00 1.613050571000000044e+00 7.111111109999999069e-01
2.067400000000000126e+00 5.973199999999999621e-01 2.812662519999999944e-01 2.664710514000000252e+00 1.000000000000000021e-02 0.000000000000000000e+00
