0.000000000000000000e+00 0.000000000000000000e+00 3.478139149999999735e-01 0.000000000000000000e+00 0.000000000000000000e+00 0.000000000000000000e+00
1.740900000000000086e-02 6.311600000000000543e-03 3.478139149999999735e-01 2.372037399999999893e-02 2.553171799999999769e-01 2.734577779999999847e-01
3.704100000000000448e-02 1.352899999999999936e-02 3.501829829999999477e-01 5.056903700000000418e-02 8.014407490000000633e-01 8.674133330000000086e-01
4.791700000000000126e-02 1.961800000000000002e-02 3.885872089999999890e-01 6.753505900000000839e-02 1.764386753000000141e+00 1.316640000000000033e+00
5.734400000000000608e-02 2.481200000000000072e-02 4.083602429999999561e-01 8.215537200000000428e-02 2.466987769999999802e+00 1.806044444000000082e+00
6.548099999999999754e-02 3.022099999999999786e-02 4.323898950000000241e-01 9.570171099999999487e-02 3.460094216000000333e+00 2.244266666999999771e+00
7.235499999999998877e-02 3.566000000000000419e-02 4.579139979999999888e-01 1.080154719999999874e-01 4.688817489999999921e+00 2.720888888999999811e+00
7.816299999999999637e-02 4.117599999999999733e-02 4.848597199999999940e-01 1.193391509999999905e-01 6.914928315000000048e+00 3.165155556000000203e+00
8.127700000000000202e-02 4.687500000000000000e-02 5.231360200000000349e-01 1.281515390000000088e-01 1.194318933999999999e+01 3.606933333000000186e+00
8.332599999999999729e-02 5.274999999999999828e-02 5.643680810000000214e-01 1.360755849999999989e-01 2.347260732000000161e+01 4.116266666999999657e+00
8.499400000000000011e-02 5.785800000000000665e-02 5.976778820000000492e-01 1.428515900000000005e-01 2.752465451000000130e+01 4.756266667000000226e+00
8.435499999999999943e-02 6.310199999999999143e-02 6.422556770000000803e-01 1.474567089999999914e-01 2.903524057999999997e+01 5.115733333000000549e+00
8.484400000000000275e-02 6.871900000000000230e-02 6.807763350000000102e-01 1.535629069999999985e-01 3.018946718999999845e+01 5.513422222000000872e+00
8.560199999999999754e-02 7.467300000000000326e-02 7.173123229999999184e-01 1.602751070000000000e-01 3.362882400000000160e+01 6.184533332999999189e+00
8.645700000000000607e-02 8.126900000000000790e-02 7.544777280000000141e-01 1.677254410000000029e-01 3.631943778000000123e+01 6.741600000000000037e+00
8.813799999999999413e-02 8.735099999999999809e-02 7.809160950000000323e-01 1.754889789999999894e-01 3.858385158000000104e+01 7.248177777999999627e+00
8.977100000000000357e-02 9.348800000000000165e-02 8.056802629999999521e-01 1.832593489999999881e-01 4.091243186999999892e+01 7.690844443999999669e+00
9.111299999999999955e-02 9.990299999999999181e-02 8.313811790000000812e-01 1.910158460000000169e-01 4.204609849999999938e+01 8.266488888999999674e+00
9.244099999999999540e-02 1.065500000000000058e-01 8.561963949999999990e-01 1.989940489999999784e-01 4.322552014000000042e+01 8.796266667000001149e+00
9.441599999999999993e-02 1.135400000000000159e-01 8.771233659999999599e-01 2.079607660000000191e-01 4.735974351000000127e+01 9.520177777999998980e+00
9.441599999999999993e-02 1.135400000000000159e-01 8.771233659999999599e-01 2.079607660000000191e-01 4.735974351000000127e+01 9.520177777999998980e+00
9.456299999999999428e-02 1.145000000000000046e-01 8.804926009999999303e-01 2.090671139999999983e-01 4.399463469999999887e+01 9.583018056000000229e+00
9.471100000000000352e-02 1.154700000000000032e-01 8.838263279999999389e-01 2.101758110000000179e-01 4.062952588999999648e+01 9.645858333999999701e+00
9.485899999999999888e-02 1.164299999999999918e-01 8.871250309999999528e-01 2.112868189999999868e-01 3.726441708000000119e+01 9.708698611000000867e+00
9.500900000000001011e-02 1.173900000000000082e-01 8.903891900000000525e-01 2.124001019999999795e-01 3.389930826999999880e+01 9.771538889000000339e+00
9.515900000000000747e-02 1.183599999999999930e-01 8.936192759999999069e-01 2.135156239999999872e-01 3.053419947000000079e+01 9.834379166999999811e+00
9.531000000000000583e-02 1.193200000000000094e-01 8.968157520000000771e-01 2.146333510000000278e-01 2.716909065999999839e+01 9.897219444999999283e+00
9.546200000000000518e-02 1.202900000000000080e-01 8.999790770000000162e-01 2.157532480000000086e-01 2.380398184999999955e+01 9.960059722000000448e+00
9.561400000000000454e-02 1.212599999999999928e-01 9.031097009999999869e-01 2.168752820000000026e-01 2.043887304000000071e+01 1.002289999999999992e+01
9.561400000000000454e-02 1.212599999999999928e-01 9.031097009999999869e-01 2.168752820000000026e-01 2.043887304000000071e+01 1.002289999999999992e+01
9.764600000000001057e-02 1.267900000000000138e-01 9.145435409999999044e-01 2.244396919999999962e-01 1.581691969999999792e+01 1.038631110999999940e+01
1.016600000000000004e-01 1.338000000000000023e-01 9.210533619999999866e-01 2.354681799999999992e-01 1.060110174999999977e+01 1.116995556000000001e+01
1.331700000000000106e-01 1.378999999999999948e-01 8.028580199999999500e-01 2.710663099999999770e-01 8.245453333000000384e+00 1.167271110999999983e+01
1.561599999999999933e-01 1.437700000000000089e-01 7.441070929999999972e-01 2.999305190000000065e-01 6.763425175000000067e+00 1.225244443999999966e+01
2.019200000000000161e-01 1.502300000000000024e-01 6.396777599999999842e-01 3.521485160000000225e-01 5.724778194999999847e+00 1.276730000000000054e+01
2.317400000000000015e-01 1.565000000000000002e-01 5.939652949999999487e-01 3.882367950000000234e-01 4.978564969999999867e+00 1.328250000000000064e+01
2.930499999999999772e-01 1.655999999999999972e-01 5.143607860000000143e-01 4.586511039999999761e-01 4.401151900000000339e+00 1.411182222000000053e+01
3.656499999999999750e-01 1.749199999999999922e-01 4.462139189999999589e-01 5.405754539999999553e-01 4.048801628999999735e+00 1.460099999999999909e+01
4.543300000000000116e-01 1.832400000000000140e-01 3.833606179999999863e-01 6.375740220000000180e-01 3.396300000000000097e+00 1.493333332999999996e+01
5.487100000000000311e-01 1.913900000000000046e-01 3.356145710000000282e-01 7.400995140000000694e-01 2.719513488999999673e+00 1.514666667000000011e+01
6.922599999999999865e-01 2.012299999999999922e-01 2.828919100000000242e-01 8.934921599999999797e-01 2.409302907999999910e+00 1.564444443999999912e+01
8.524100000000000010e-01 2.110699999999999799e-01 2.427304630000000074e-01 1.063482817999999996e+00 2.169831224999999808e+00 1.612869999999999848e+01
9.989399999999999391e-01 2.172999999999999932e-01 2.141915110000000011e-01 1.216239765000000084e+00 1.935599999999999987e+00 1.635555555999999910e+01
1.191300000000000026e+00 2.242000000000000104e-01 1.860173029999999950e-01 1.415510389999999896e+00 1.543000000000000149e+00 1.671111111000000093e+01
1.409799999999999942e+00 2.306600000000000039e-01 1.621825380000000150e-01 1.640425725000000057e+00 1.229999999999999982e+00 1.706666667000000004e+01
1.409799999999999942e+00 2.306600000000000039e-01 1.621825380000000150e-01 1.640425725000000057e+00 1.229999999999999982e+00 1.706666667000000004e+01
1.434000000000000163e+00 2.351000000000000034e-01 1.624998249999999866e-01 1.669118958000000097e+00 1.189257143000000072e+00 1.536507937000000013e+01
1.458299999999999930e+00 2.395400000000000029e-01 1.628063869999999969e-01 1.697812353000000218e+00 1.148514285999999940e+00 1.366349207000000021e+01
1.482499999999999929e+00 2.439699999999999924e-01 1.631027600000000133e-01 1.726505903000000064e+00 1.107771429000000030e+00 1.196190475999999947e+01
1.506799999999999917e+00 2.484099999999999919e-01 1.633894429999999953e-01 1.755199598999999999e+00 1.067028571000000037e+00 1.026031745999999956e+01
1.530999999999999917e+00 2.528400000000000092e-01 1.636669030000000025e-01 1.783893434999999972e+00 1.026285714000000127e+00 8.558730159999999643e+00
1.555299999999999905e+00 2.572800000000000087e-01 1.639355789999999979e-01 1.812587404000000069e+00 9.855428569999999944e-01 6.857142857999999563e+00
1.579599999999999893e+00 2.617099999999999982e-01 1.641958799999999885e-01 1.841281499000000155e+00 9.447999999999999732e-01 5.155555556000000372e+00
1.590899999999999981e+00 2.650800000000000378e-01 1.651078089999999943e-01 1.855967443000000161e+00 9.262567569999999861e-01 4.596825396999999924e+00
1.602200000000000069e+00 2.684500000000000219e-01 1.660054180000000157e-01 1.870654905000000090e+00 9.077135129999999164e-01 4.038095238000000364e+00
1.613499999999999934e+00 2.718099999999999961e-01 1.668890409999999880e-01 1.885343851000000015e+00 8.891702700000000403e-01 3.479365078999999916e+00
1.624900000000000011e+00 2.751699999999999702e-01 1.677589999999999915e-01 1.900034245999999927e+00 8.706270270000000533e-01 2.920634921000000439e+00
1.636200000000000099e+00 2.785299999999999998e-01 1.686156099999999991e-01 1.914726058000000064e+00 8.520837840000000662e-01 2.361904761999999991e+00
1.647499999999999964e+00 2.818900000000000294e-01 1.694591739999999902e-01 1.929419253000000056e+00 8.335405399999999965e-01 1.803174603000000209e+00
1.658900000000000041e+00 2.852500000000000036e-01 1.702899870000000038e-01 1.944113800000000003e+00 8.149972970000000094e-01 1.244444443999999983e+00
1.658900000000000041e+00 2.852500000000000036e-01 1.702899870000000038e-01 1.944113800000000003e+00 8.149972970000000094e-01 1.244444443999999983e+00
1.779900000000000038e+00 3.130300000000000304e-01 1.740905369999999897e-01 2.092892522000000088e+00 6.272796259999999791e-01 2.133333330000000139e-01
1.811299999999999910e+00 3.215899999999999870e-01 1.757215610000000261e-01 2.132844410999999774e+00 0.000000000000000000e+00 0.000000000000000000e+00
