0.000000000000000000e+00 0.000000000000000000e+00 -4.418879350000000095e-01 0.000000000000000000e+00 0.000000000000000000e+00 0.000000000000000000e+00
7.180399999999999283e-02 -3.396899999999999920e-02 -4.418879350000000095e-01 3.783412200000000475e-02 8.478938679999999950e-01 6.499966839999999912e-01
1.276500000000000135e-01 -6.205299999999999705e-02 -4.524670539999999797e-01 6.560138299999999922e-02 2.560623538000000199e+00 1.315192740000000082e+00
1.851500000000000090e-01 -9.698099999999999776e-02 -4.825110260000000095e-01 8.816564300000000187e-02 4.422499114999999925e+00 2.018500721999999747e+00
2.456000000000000127e-01 -1.378999999999999948e-01 -5.116390060000000073e-01 1.076904999999999946e-01 7.114078550000000334e+00 2.650404760999999887e+00
2.456000000000000127e-01 -1.378999999999999948e-01 -5.116390060000000073e-01 1.076904999999999946e-01 7.114078550000000334e+00 2.650404760999999887e+00
2.553799999999999959e-01 -1.454499999999999960e-01 -5.177304449999999836e-01 1.099271669999999923e-01 7.792222121000000001e+00 2.744792638999999923e+00
2.653699999999999948e-01 -1.532099999999999851e-01 -5.235787379999999880e-01 1.121677499999999966e-01 8.470365692999999752e+00 2.839180516000000321e+00
2.755900000000000016e-01 -1.611700000000000077e-01 -5.291977799999999510e-01 1.144120200000000032e-01 9.148509263999999419e+00 2.933568393999999913e+00
2.860099999999999865e-01 -1.693500000000000005e-01 -5.346004570000000289e-01 1.166597630000000135e-01 9.826652836000000946e+00 3.027956271000000310e+00
2.966500000000000248e-01 -1.777400000000000091e-01 -5.397987329999999195e-01 1.189107819999999927e-01 1.050479641000000086e+01 3.122344148999999902e+00
3.075100000000000056e-01 -1.863400000000000056e-01 -5.448037249999999609e-01 1.211648949999999947e-01 1.118293998000000045e+01 3.216732026000000300e+00
3.185800000000000298e-01 -1.951600000000000001e-01 -5.496257810000000354e-01 1.234219330000000114e-01 1.186108355000000003e+01 3.311119903999999892e+00
3.318599999999999883e-01 -2.066500000000000004e-01 -5.569515299999999725e-01 1.252072590000000152e-01 1.346389983000000079e+01 3.395236796000000279e+00
3.457000000000000073e-01 -2.187000000000000055e-01 -5.640709320000000249e-01 1.269991169999999947e-01 1.506671612000000060e+01 3.479353688999999861e+00
3.601400000000000157e-01 -2.313400000000000178e-01 -5.709918899999999464e-01 1.287972319999999837e-01 1.666953239999999781e+01 3.563470581000000248e+00
3.751999999999999780e-01 -2.446000000000000119e-01 -5.777219529999999548e-01 1.306013460000000070e-01 1.827234869000000117e+01 3.647587473999999830e+00
3.909199999999999897e-01 -2.585100000000000176e-01 -5.842683260000000045e-01 1.324112139999999993e-01 1.987516497000000015e+01 3.731704366000000217e+00
4.073400000000000354e-01 -2.731099999999999639e-01 -5.906378879999999443e-01 1.342266039999999994e-01 2.147798125999999996e+01 3.815821258999999799e+00
4.244899999999999785e-01 -2.884400000000000297e-01 -5.968372109999999786e-01 1.360472940000000130e-01 2.308079753999999895e+01 3.899938151000000186e+00
4.466199999999999615e-01 -3.093699999999999783e-01 -6.057921779999999590e-01 1.372594330000000140e-01 2.535623453999999910e+01 3.980630311999999726e+00
4.706600000000000228e-01 -3.321800000000000308e-01 -6.145896749999999464e-01 1.384823869999999846e-01 2.763167152999999843e+01 4.061322471999999628e+00
4.968600000000000239e-01 -3.571400000000000130e-01 -6.232324940000000257e-01 1.397158699999999920e-01 2.990710852999999858e+01 4.142014633000000501e+00
5.254900000000000126e-01 -3.845300000000000384e-01 -6.317234200000000355e-01 1.409596069999999868e-01 3.218254551999999791e+01 4.222706793999999597e+00
5.569199999999999706e-01 -4.147100000000000231e-01 -6.400652310000000123e-01 1.422133280000000000e-01 3.445798252000000161e+01 4.303398954999999582e+00
5.915699999999999292e-01 -4.480899999999999883e-01 -6.482606890000000011e-01 1.434767720000000024e-01 3.673341950999999739e+01 4.384091115000000372e+00
6.299299999999999899e-01 -4.851800000000000002e-01 -6.563125410000000270e-01 1.447496840000000173e-01 3.900885651000000109e+01 4.464783276000000356e+00
6.557800000000000296e-01 -5.091899999999999205e-01 -6.602261420000000713e-01 1.465874679999999985e-01 3.716256689000000080e+01 4.566878859000000013e+00
6.827499999999999680e-01 -5.343200000000000172e-01 -6.640427720000000589e-01 1.484274419999999928e-01 3.531627727000000050e+01 4.668974441000000475e+00
7.109100000000000419e-01 -5.606399999999999162e-01 -6.677658819999999773e-01 1.502695249999999871e-01 3.346998765000000020e+01 4.771070024000000132e+00
7.403300000000000436e-01 -5.882199999999999651e-01 -6.713987679999999791e-01 1.521136409999999939e-01 3.162369802999999990e+01 4.873165606999999788e+00
7.710899999999999421e-01 -6.171300000000000674e-01 -6.749445800000000162e-01 1.539597159999999965e-01 2.977740840999999961e+01 4.975261190000000333e+00
8.032500000000000195e-01 -6.474400000000000155e-01 -6.784063229999999223e-01 1.558076800000000040e-01 2.793111878999999931e+01 5.077356771999999907e+00
8.369200000000001083e-01 -6.792600000000000859e-01 -6.817868729999999600e-01 1.576574679999999951e-01 2.608482916999999901e+01 5.179452354999999564e+00
8.422399999999999887e-01 -6.814500000000000002e-01 -6.802579359999999520e-01 1.607940240000000076e-01 2.506463326000000080e+01 5.274844442000000022e+00
8.478799999999999670e-01 -6.839499999999999469e-01 -6.787875090000000666e-01 1.639309419999999962e-01 2.404443734999999904e+01 5.370236528999999592e+00
8.538000000000000034e-01 -6.867300000000000626e-01 -6.773723040000000362e-01 1.670682009999999995e-01 2.302424144000000084e+01 5.465628616000000051e+00
8.599799999999999667e-01 -6.897800000000000598e-01 -6.760092720000000499e-01 1.702057819999999999e-01 2.200404553999999990e+01 5.561020702000000426e+00
8.663999999999999480e-01 -6.930500000000000549e-01 -6.746955859999999028e-01 1.733436669999999791e-01 2.098384963000000170e+01 5.656412788999999997e+00
8.730200000000000182e-01 -6.965399999999999370e-01 -6.734286159999999244e-01 1.764818419999999999e-01 1.996365371999999994e+01 5.751804876000000455e+00
8.798500000000000210e-01 -7.002300000000000191e-01 -6.722059200000000123e-01 1.796202889999999885e-01 1.894345781000000173e+01 5.847196962999999137e+00
8.798500000000000210e-01 -7.002300000000000191e-01 -6.722059200000000123e-01 1.796202889999999885e-01 1.894345781000000173e+01 5.847196962999999137e+00
1.136300000000000088e+00 -9.411500000000000421e-01 -6.917234020000000427e-01 1.951789110000000105e-01 1.650929319000000106e+01 6.351428609000000058e+00
1.096600000000000019e+00 -8.808899999999999508e-01 -6.767558799999999763e-01 2.156855400000000089e-01 1.396555155999999975e+01 7.093818067999999144e+00
1.032899999999999929e+00 -7.854700000000000015e-01 -6.501456839999999460e-01 2.474530810000000192e-01 1.188943966999999979e+01 7.867600000000000371e+00
9.910999999999999810e-01 -7.145600000000000840e-01 -6.246686110000000403e-01 2.765348830000000091e-01 1.079069834000000050e+01 8.495956396000000410e+00
9.766399999999999526e-01 -6.651799999999999935e-01 -5.979202610000000639e-01 3.114617089999999755e-01 9.520711082000000047e+00 9.176440078999998917e+00
9.570600000000000218e-01 -6.008100000000000662e-01 -5.605882989999999566e-01 3.562466400000000033e-01 8.737069467999999617e+00 9.901473463000000308e+00
9.779200000000001225e-01 -5.799900000000000055e-01 -5.353227270000000537e-01 3.979251389999999833e-01 8.089383366999999936e+00 1.072294720999999917e+01
9.945599999999999996e-01 -5.546200000000000019e-01 -5.087014010000000530e-01 4.399372010000000000e-01 7.706492997000000678e+00 1.155191744999999948e+01
1.052300000000000013e+00 -5.607900000000000107e-01 -4.896180949999999754e-01 4.915496679999999952e-01 7.187455412000000265e+00 1.245609999999999928e+01
1.081599999999999895e+00 -5.238599999999999923e-01 -4.510557599999999723e-01 5.576942929999999521e-01 6.686696286000000100e+00 1.309477281999999931e+01
1.136600000000000055e+00 -5.215199999999999836e-01 -4.301674170000000519e-01 6.151278860000000126e-01 6.451377712999999403e+00 1.386951220000000085e+01
1.199300000000000033e+00 -5.242600000000000593e-01 -4.121078049999999937e-01 6.750416700000000381e-01 5.946000000000000618e+00 1.461224087000000083e+01
1.258599999999999941e+00 -5.002100000000000435e-01 -3.782845489999999700e-01 7.584231640000000940e-01 5.242899999999999672e+00 1.543510000000000026e+01
1.339900000000000091e+00 -4.945999999999999841e-01 -3.536117729999999626e-01 8.453234079999999429e-01 4.911100000000000243e+00 1.650304003000000108e+01
1.436199999999999921e+00 -4.886699999999999933e-01 -3.279700589999999805e-01 9.474997459999999760e-01 4.520100000000000229e+00 1.767039142999999868e+01
1.436199999999999921e+00 -4.886699999999999933e-01 -3.279700589999999805e-01 9.474997459999999760e-01 4.520100000000000229e+00 1.767039142999999868e+01
1.442399999999999904e+00 -4.937899999999999512e-01 -3.298394560000000308e-01 9.485770170000000778e-01 4.520088889000000165e+00 1.617426200999999963e+01
1.448600000000000110e+00 -4.989399999999999391e-01 -3.317046039999999585e-01 9.496575950000000210e-01 4.520077778000000102e+00 1.467813259000000059e+01
1.454900000000000082e+00 -5.041299999999999670e-01 -3.335655069999999833e-01 9.507414690000000057e-01 4.520066667000000038e+00 1.318200318000000060e+01
1.461200000000000054e+00 -5.093600000000000350e-01 -3.354221649999999944e-01 9.518286280000000099e-01 4.520055555999999974e+00 1.168587375999999978e+01
1.467500000000000027e+00 -5.146300000000000319e-01 -3.372745799999999905e-01 9.529190609999999007e-01 4.520044443999999828e+00 1.018974434000000073e+01
1.473899999999999988e+00 -5.199399999999999578e-01 -3.391227539999999707e-01 9.540127559999999063e-01 4.520033332999999764e+00 8.693614920999999995e+00
1.480399999999999938e+00 -5.252799999999999692e-01 -3.409666889999999895e-01 9.551097029999999766e-01 4.520022221999999701e+00 7.197485502999999341e+00
1.486900000000000110e+00 -5.306600000000000206e-01 -3.428063870000000457e-01 9.562098890000000351e-01 4.520011111000000525e+00 5.701356084999999574e+00
1.493400000000000061e+00 -5.360800000000000010e-01 -3.446418509999999991e-01 9.573133050000000033e-01 4.519999999999999574e+00 4.205226666999999807e+00
1.493400000000000061e+00 -5.360800000000000010e-01 -3.446418509999999991e-01 9.573133050000000033e-01 4.519999999999999574e+00 4.205226666999999807e+00
2.004799999999999915e+00 -4.590299999999999936e-01 -2.250842389999999915e-01 1.545778726999999853e+00 2.100000000000000089e+00 2.446699999999999875e+00
3.214799999999999880e+00 -4.381999999999999784e-01 -1.354698129999999945e-01 2.776629398000000304e+00 0.000000000000000000e+00 0.000000000000000000e+00
