0.000000000000000000e+00 0.000000000000000000e+00 1.536246348000000150e+00 0.000000000000000000e+00 0.000000000000000000e+00 0.000000000000000000e+00
1.595800000000000083e-03 4.617099999999999677e-02 1.536246348000000150e+00 4.776640599999999737e-02 8.919999999999999978e-05 1.646078729000000074e+00
2.815699999999999540e-03 8.256799999999998863e-02 1.536708316999999990e+00 8.538379599999999792e-02 4.807930000000000298e-04 3.880337821999999992e+00
3.706199999999999772e-03 1.187700000000000006e-01 1.539601121999999878e+00 1.224745809999999990e-01 1.117123999999999938e-03 5.753807057000000391e+00
4.397600000000000640e-03 1.556599999999999928e-01 1.542553103000000148e+00 1.600596639999999904e-01 1.851417999999999857e-03 7.158034408999999876e+00
5.043199999999999419e-03 1.870099999999999818e-01 1.543835485000000007e+00 1.920554720000000049e-01 2.737429999999999898e-03 8.890132162000000449e+00
5.452600000000000155e-03 2.171199999999999797e-01 1.545687725000000068e+00 2.225683569999999944e-01 3.403287999999999973e-03 9.841586221000000023e+00
5.578999999999999758e-03 2.493300000000000238e-01 1.548423889000000164e+00 2.549090030000000229e-01 3.653612000000000092e-03 1.169597111000000034e+01
5.839199999999999252e-03 2.895499999999999741e-01 1.550632580999999899e+00 2.953907839999999618e-01 4.155718000000000086e-03 1.388562916000000058e+01
6.717299999999999834e-03 3.145000000000000018e-01 1.549441180999999945e+00 3.212203489999999606e-01 6.428165999999999915e-03 1.549647204000000045e+01
7.297099999999999941e-03 3.701499999999999790e-01 1.551085040999999887e+00 3.774499429999999545e-01 8.002340000000000148e-03 1.849096467000000032e+01
8.174899999999998834e-03 3.878499999999999726e-01 1.549721679000000130e+00 3.960199440000000126e-01 1.140685100000000084e-02 1.948250000000000171e+01
9.290600000000001288e-03 4.143800000000000261e-01 1.548379433000000027e+00 4.236683860000000079e-01 1.695189199999999966e-02 2.095906433000000035e+01
1.051800000000000131e-02 4.790899999999999603e-01 1.548846230999999962e+00 4.896123979999999487e-01 2.476413700000000204e-02 2.445224171999999996e+01
1.222700000000000002e-02 5.157300000000000217e-01 1.547091788000000134e+00 5.279564340000000300e-01 3.815869700000000531e-02 2.619883040999999935e+01
1.444699999999999977e-02 5.364499999999999824e-01 1.543872079000000008e+00 5.509008960000000288e-01 6.400523499999999366e-02 2.794541909999999874e+01
1.610699999999999979e-02 5.774500000000000188e-01 1.542911183000000186e+00 5.935612949999999888e-01 8.908430300000000357e-02 3.002760763999999938e+01
1.862100000000000213e-02 5.931199999999999806e-01 1.539412065000000052e+00 6.117408619999999964e-01 1.375404709999999975e-01 3.111809999999999832e+01
2.038600000000000134e-02 6.692100000000000826e-01 1.540342758000000201e+00 6.895920459999999030e-01 1.812285789999999730e-01 3.580506823000000338e+01
2.396500000000000019e-02 6.829699999999999660e-01 1.535721384000000134e+00 7.069387359999999010e-01 2.971753310000000425e-01 3.667836256999999733e+01
2.641499999999999751e-02 7.218899999999999206e-01 1.534221738000000057e+00 7.483065020000000400e-01 3.986098060000000110e-01 3.931719999999999970e+01
2.982699999999999935e-02 7.456399999999999695e-01 1.530815093000000182e+00 7.754668570000000649e-01 5.781938149999999998e-01 4.030810000000000315e+01
3.252700000000000036e-02 7.811799999999999855e-01 1.529182836999999795e+00 8.137089749999999455e-01 7.718929230000000086e-01 4.296538814000000173e+01
3.740899999999999781e-02 8.016699999999999937e-01 1.524165771999999919e+00 8.390803900000000093e-01 1.196638815000000022e+00 4.454229502999999823e+01
3.857000000000000012e-02 8.478999999999999870e-01 1.525338658999999986e+00 8.864707520000000285e-01 1.267700000000000049e+00 4.914774753999999746e+01
3.857000000000000012e-02 8.478999999999999870e-01 1.525338658999999986e+00 8.864707520000000285e-01 1.267700000000000049e+00 4.914774753999999746e+01
4.260699999999999904e-02 8.460700000000000998e-01 1.520480030000000093e+00 8.886758840000000825e-01 1.535733333000000034e+00 4.546466448000000327e+01
4.661099999999999965e-02 8.442899999999999849e-01 1.515645566999999971e+00 8.909018899999999741e-01 1.803766666999999879e+00 4.178158142000000197e+01
5.058200000000000196e-02 8.425700000000000411e-01 1.510835314000000151e+00 8.931486140000000074e-01 2.071800000000000086e+00 3.809849836000000067e+01
5.452200000000000102e-02 8.408899999999999153e-01 1.506049310999999946e+00 8.954159009999999030e-01 2.339833333000000071e+00 3.441541529999999938e+01
5.843099999999999683e-02 8.392700000000000715e-01 1.501287591999999949e+00 8.977035940000001046e-01 2.607866666999999694e+00 3.073233224000000163e+01
6.231099999999999833e-02 8.377000000000000002e-01 1.496550188000000059e+00 9.000115370000000281e-01 2.875900000000000123e+00 2.704924918000000034e+01
6.616199999999999859e-02 8.361799999999999233e-01 1.491837124000000125e+00 9.023395759999999211e-01 3.143933333000000108e+00 2.336616611999999904e+01
6.998400000000000454e-02 8.346999999999999975e-01 1.487148420000000026e+00 9.046875549999999766e-01 3.411966666999999731e+00 1.968308306000000130e+01
7.377999999999999836e-02 8.332799999999999097e-01 1.482484091999999976e+00 9.070553199999999983e-01 3.680000000000000160e+00 1.600000000000000000e+01
7.377999999999999836e-02 8.332799999999999097e-01 1.482484091999999976e+00 9.070553199999999983e-01 3.680000000000000160e+00 1.600000000000000000e+01
7.377999999999999836e-02 8.332799999999999097e-01 1.482484091999999976e+00 9.070553199999999983e-01 3.680000000000000160e+00 1.600000000000000000e+01
7.886500000000000454e-02 8.394700000000000495e-01 1.477124576000000022e+00 9.183335280000000100e-01 8.253333332999998717e+00 1.464033264000000045e+01
8.391599999999999060e-02 8.457200000000000273e-01 1.471895251999999932e+00 9.296374729999999920e-01 1.282666666999999983e+01 1.328066527999999913e+01
8.893600000000000116e-02 8.520299999999999541e-01 1.466791706999999834e+00 9.409662290000000429e-01 1.739999999999999858e+01 1.192099793000000041e+01
9.392599999999999560e-02 8.583899999999999864e-01 1.461809715000000010e+00 9.523189109999999902e-01 2.197333332999999911e+01 1.056133057000000086e+01
9.888700000000000268e-02 8.648100000000000787e-01 1.456945221999999873e+00 9.636946709999999472e-01 2.654666667000000047e+01 9.201663209999999538e+00
1.038200000000000095e-01 8.712700000000000999e-01 1.452194343000000165e+00 9.750927040000000323e-01 3.112000000000000099e+01 7.841995852000000156e+00
1.087299999999999933e-01 8.777799999999998937e-01 1.447553351000000044e+00 9.865122359999999313e-01 3.569333333000000152e+01 6.482328493999999885e+00
1.136199999999999988e-01 8.843400000000000150e-01 1.443018668999999976e+00 9.979525309999999205e-01 4.026666666999999933e+01 5.122661136000000504e+00
1.184800000000000020e-01 8.909299999999998887e-01 1.438586865999999853e+00 1.009412881000000040e+00 4.484000000000000341e+01 3.762993778000000233e+00
1.185700000000000087e-01 8.929299999999998905e-01 1.438778256999999838e+00 1.011500840000000068e+00 4.013555556000000024e+01 3.508452776000000384e+00
1.186599999999999877e-01 8.949200000000000488e-01 1.438968859999999905e+00 1.013588837000000131e+00 3.543111111000000335e+01 3.253911773000000007e+00
1.187599999999999906e-01 8.969200000000000506e-01 1.439158679000000163e+00 1.015676870999999926e+00 3.072666667000000018e+01 2.999370771000000158e+00
1.188499999999999973e-01 8.989200000000000523e-01 1.439347719000000136e+00 1.017764939999999951e+00 2.602222221999999974e+01 2.744829768000000225e+00
1.189400000000000041e-01 9.009099999999999886e-01 1.439535985000000018e+00 1.019853047000000013e+00 2.131777778000000012e+01 2.490288765999999931e+00
1.190299999999999969e-01 9.029099999999999904e-01 1.439723481999999777e+00 1.021941189000000083e+00 1.661333332999999968e+01 2.235747762999999999e+00
1.191200000000000037e-01 9.049099999999999921e-01 1.439910213999999966e+00 1.024029367000000024e+00 1.190888889000000006e+01 1.981206760999999927e+00
1.192099999999999965e-01 9.069099999999999939e-01 1.440096185999999889e+00 1.026117579999999974e+00 7.204444443999999947e+00 1.726665758000000217e+00
1.193000000000000033e-01 9.089000000000000412e-01 1.440281401999999877e+00 1.028205829000000016e+00 2.500000000000000000e+00 1.472124755999999923e+00
1.193000000000000033e-01 9.089000000000000412e-01 1.440281401999999877e+00 1.028205829000000016e+00 2.500000000000000000e+00 1.472124755999999923e+00
1.286599999999999966e-01 9.258299999999999308e-01 1.432716424999999960e+00 1.054489661999999939e+00 1.129999999999999893e+00 1.624284440000000052e-01
1.714200000000000168e-01 9.118799999999999129e-01 1.384979668000000164e+00 1.083298923000000080e+00 0.000000000000000000e+00 0.000000000000000000e+00
