0.000000000000000000e+00 0.000000000000000000e+00 2.206599210000000089e-01 0.000000000000000000e+00 0.000000000000000000e+00 0.000000000000000000e+00
1.506699999999999880e-02 3.379800000000000079e-03 2.206599210000000089e-01 1.844728699999999971e-02 2.233333329999999950e-01 1.232077219999999917e-01
3.593799999999999772e-02 7.336900000000000366e-03 2.013885830000000099e-01 4.327459000000000167e-02 6.833333329999999872e-01 3.908172639999999975e-01
4.156499999999999778e-02 1.053100000000000043e-02 2.481294830000000118e-01 5.209550300000000134e-02 1.283333333000000076e+00 5.932185060000000343e-01
4.747200000000000031e-02 1.326999999999999881e-02 2.725776389999999827e-01 6.074260700000000401e-02 1.858333333000000032e+00 8.137220409999998960e-01
5.011000000000000176e-02 1.603899999999999770e-02 3.097688460000000421e-01 6.614839499999999872e-02 2.666666666999999880e+00 1.011165177999999942e+00
5.692899999999999350e-02 1.895800000000000263e-02 3.214576630000000046e-01 7.588725799999999910e-02 3.583333333000000120e+00 1.225909619999999922e+00
6.377200000000000923e-02 2.185000000000000137e-02 3.300886760000000253e-01 8.562244699999999042e-02 6.250000000000000000e+00 1.426076110999999980e+00
7.041400000000000436e-02 2.515900000000000081e-02 3.431594079999999436e-01 9.557221000000000466e-02 1.308333333000000032e+01 1.625121220999999894e+00
7.717000000000000248e-02 2.826000000000000387e-02 3.510385720000000487e-01 1.054295040000000072e-01 1.575000000000000000e+01 1.854603811999999907e+00
7.837700000000000222e-02 3.097900000000000306e-02 3.764076439999999857e-01 1.093558830000000009e-01 2.333333332999999854e+01 2.142958901000000083e+00
7.886900000000000854e-02 3.366700000000000248e-02 4.034571320000000516e-01 1.125355680000000025e-01 2.416666667000000146e+01 2.304918341999999676e+00
8.021999999999999964e-02 3.640199999999999686e-02 4.259939889999999618e-01 1.166227580000000069e-01 2.666666667000000146e+01 2.484098990000000118e+00
8.311499999999999444e-02 3.938399999999999540e-02 4.425135170000000229e-01 1.224993590000000021e-01 2.916666667000000146e+01 2.786471339999999852e+00
8.363800000000000401e-02 4.263600000000000029e-02 4.714358550000000148e-01 1.262743759999999937e-01 3.083333332999999854e+01 2.933532436000000132e+00
8.436599999999999655e-02 4.549299999999999872e-02 4.945379829999999588e-01 1.298586080000000142e-01 3.250000000000000000e+01 3.265701477999999991e+00
8.433200000000000418e-02 4.868899999999999617e-02 5.236012890000000253e-01 1.330216949999999954e-01 3.416666666999999791e+01 3.465147081000000018e+00
8.516200000000000159e-02 5.173300000000000121e-02 5.458916719999999945e-01 1.368957919999999884e-01 3.541666666999999791e+01 3.724506463999999628e+00
8.537599999999999356e-02 5.449500000000000177e-02 5.681018150000000100e-01 1.398702980000000040e-01 3.750000000000000000e+01 3.963200398000000124e+00
8.628700000000000259e-02 5.774199999999999472e-02 5.897457270000000529e-01 1.440290879999999996e-01 4.166666666999999791e+01 4.289362042999999680e+00
8.628700000000000259e-02 5.774199999999999472e-02 5.897457270000000529e-01 1.440290879999999996e-01 4.166666666999999791e+01 4.289362042999999680e+00
8.639099999999999557e-02 5.810900000000000093e-02 5.921198709999999643e-01 1.444997189999999987e-01 3.898148147999999935e+01 4.314077371999999855e+00
8.649500000000000244e-02 5.847600000000000020e-02 5.944785870000000028e-01 1.449711590000000161e-01 3.629629630000000162e+01 4.338792699999999947e+00
8.659999999999999643e-02 5.884299999999999253e-02 5.968219989999999919e-01 1.454434000000000005e-01 3.361111111000000307e+01 4.363508029000000121e+00
8.670599999999999141e-02 5.921099999999999974e-02 5.991502300000000059e-01 1.459164350000000110e-01 3.092592592999999823e+01 4.388223357000000213e+00
8.681200000000000028e-02 5.957799999999999901e-02 6.014634010000000641e-01 1.463902549999999969e-01 2.824074073999999968e+01 4.412938686000000388e+00
8.691900000000001014e-02 5.994600000000000622e-02 6.037616350000000187e-01 1.468648540000000169e-01 2.555555555999999839e+01 4.437654013999999592e+00
8.702699999999999325e-02 6.031399999999999956e-02 6.060450510000000568e-01 1.473402239999999919e-01 2.287037036999999984e+01 4.462369342999999766e+00
8.713500000000000412e-02 6.068200000000000677e-02 6.083137679999999214e-01 1.478163560000000099e-01 2.018518518999999856e+01 4.487084670999999858e+00
8.724300000000000110e-02 6.105000000000000010e-02 6.105679059999999936e-01 1.482932449999999902e-01 1.750000000000000000e+01 4.511800000000000033e+00
8.724300000000000110e-02 6.105000000000000010e-02 6.105679059999999936e-01 1.482932449999999902e-01 1.750000000000000000e+01 4.511800000000000033e+00
8.903300000000000103e-02 6.360700000000001075e-02 6.203425089999999864e-01 1.526399709999999854e-01 1.333333333000000032e+01 4.679602596000000503e+00
9.282999999999999585e-02 6.699900000000000300e-02 6.251643020000000606e-01 1.598289290000000085e-01 1.250000000000000000e+01 5.032677383000000226e+00
1.217499999999999971e-01 7.096099999999999630e-02 5.276919089999999590e-01 1.927146710000000041e-01 1.083333333000000032e+01 5.259196324999999561e+00
1.577599999999999836e-01 7.599799999999999611e-02 4.489154839999999758e-01 2.337614849999999911e-01 8.333333332999998788e+00 5.520397975999999929e+00
2.005099999999999938e-01 8.095600000000000018e-02 3.837272409999999967e-01 2.814696919999999936e-01 6.162799999999999834e+00 5.842800000000000438e+00
2.232999999999999985e-01 8.474600000000000188e-02 3.627257070000000083e-01 3.080434139999999599e-01 5.000000000000000000e+00 6.165111894999999897e+00
2.872600000000000153e-01 8.999000000000000055e-02 3.035849749999999792e-01 3.772513579999999811e-01 3.333333333000000120e+00 6.358149607000000536e+00
3.440699999999999870e-01 9.463200000000000778e-02 2.683970880000000059e-01 4.387069339999999928e-01 3.133799999999999919e+00 6.683189871000000615e+00
4.444600000000000217e-01 9.975099999999999245e-02 2.207744610000000052e-01 5.442089599999999638e-01 2.791666666999999880e+00 6.910599999999999632e+00
6.072400000000000020e-01 1.052200000000000080e-01 1.715681000000000012e-01 7.124601540000000677e-01 2.549799999999999844e+00 7.108193232000000528e+00
7.534600000000000186e-01 1.107299999999999951e-01 1.459146550000000042e-01 8.641833909999999674e-01 2.333333333000000120e+00 7.416332683999999453e+00
9.106100000000000305e-01 1.143900000000000056e-01 1.249595800000000007e-01 1.024992165999999871e+00 2.333333333000000120e+00 7.591062137000000654e+00
9.623099999999999987e-01 1.165099999999999886e-01 1.204921769999999920e-01 1.078821894999999920e+00 2.333333333000000120e+00 7.713498622999999554e+00
1.218599999999999905e+00 1.198299999999999921e-01 9.801980000000000415e-02 1.338424566000000038e+00 2.333333333000000120e+00 7.835935108999999343e+00
1.769900000000000029e+00 1.247400000000000037e-01 7.035951000000000011e-02 1.894687854000000060e+00 1.500000000000000000e+00 7.958371595000000021e+00
1.769900000000000029e+00 1.247400000000000037e-01 7.035951000000000011e-02 1.894687854000000060e+00 1.500000000000000000e+00 7.958371595000000021e+00
1.776399999999999979e+00 1.270599999999999785e-01 7.140931799999999940e-02 1.903422418999999977e+00 1.464285714000000072e+00 7.109362018999999755e+00
1.782799999999999940e+00 1.293900000000000050e-01 7.244953499999999547e-02 1.912159061999999965e+00 1.428571429000000004e+00 6.260352442000000295e+00
1.789199999999999902e+00 1.317099999999999937e-01 7.348028800000000471e-02 1.920897754999999929e+00 1.392857143000000075e+00 5.411342866000000029e+00
1.795600000000000085e+00 1.340200000000000002e-01 7.450170500000000140e-02 1.929638470999999855e+00 1.357142856999999925e+00 4.562333289999999764e+00
1.801999999999999824e+00 1.363400000000000167e-01 7.551390900000000406e-02 1.938381181000000009e+00 1.321428570999999996e+00 3.713323713999999942e+00
1.808499999999999996e+00 1.386499999999999955e-01 7.651702200000000398e-02 1.947125860000000097e+00 1.285714285999999928e+00 2.864314137000000038e+00
1.814899999999999958e+00 1.409600000000000020e-01 7.751116400000000739e-02 1.955872480999999885e+00 1.250000000000000000e+00 2.015304560999999772e+00
1.834699999999999998e+00 1.426499999999999990e-01 7.759494100000000061e-02 1.977378458000000228e+00 1.238095237999999876e+00 1.769382133000000135e+00
1.854500000000000037e+00 1.443500000000000061e-01 7.767691499999999916e-02 1.998884448999999952e+00 1.226190475999999974e+00 1.523459705999999914e+00
1.874400000000000066e+00 1.460400000000000031e-01 7.775714400000000026e-02 2.020390453000000086e+00 1.214285714000000072e+00 1.277537278000000054e+00
1.894200000000000106e+00 1.477300000000000002e-01 7.783568300000000273e-02 2.041896470000000186e+00 1.202380953000000030e+00 1.031614849999999972e+00
1.914000000000000146e+00 1.494300000000000073e-01 7.791258500000000642e-02 2.063402498999999946e+00 1.190476190999999906e+00 7.856924220000000014e-01
1.933799999999999963e+00 1.511200000000000043e-01 7.798789999999998501e-02 2.084908539999999810e+00 1.178571429000000004e+00 5.397699950000000024e-01
1.953600000000000003e+00 1.528100000000000014e-01 7.806167699999999599e-02 2.106414591999999697e+00 1.166666667000000102e+00 2.938475669999999762e-01
1.953600000000000003e+00 1.528100000000000014e-01 7.806167699999999599e-02 2.106414591999999697e+00 1.166666667000000102e+00 2.938475669999999762e-01
2.040099999999999802e+00 1.673300000000000065e-01 8.183856300000000306e-02 2.207387921000000031e+00 1.000000000000000000e+00 7.346189200000000086e-02
2.134399999999999853e+00 1.731999999999999929e-01 8.097211399999999781e-02 2.307560609000000262e+00 8.333333000000000060e-03 0.000000000000000000e+00
