0.000000000000000000e+00 0.000000000000000000e+00 -8.523491390000000889e-01 0.000000000000000000e+00 0.000000000000000000e+00 0.000000000000000000e+00
3.424499999999999766e-01 -3.916699999999999626e-01 -8.523491390000000889e-01 4.922392800000000013e-02 8.915909720000000371e-01 1.305195402000000060e+00
4.829800000000000204e-01 -5.694000000000000172e-01 -8.673302279999999254e-01 8.641681699999999300e-02 2.687971568000000033e+00 2.645636559000000165e+00
4.338299999999999934e-01 -5.525200000000000111e-01 -9.051566479999999526e-01 1.186924630000000119e-01 5.000000000000000000e+00 4.016198936999999525e+00
4.082500000000000018e-01 -5.583600000000000785e-01 -9.394655650000000024e-01 1.501136369999999942e-01 7.414752724999999600e+00 5.232316090000000308e+00
4.082500000000000018e-01 -5.583600000000000785e-01 -9.394655650000000024e-01 1.501136369999999942e-01 7.414752724999999600e+00 5.232316090000000308e+00
4.001800000000000357e-01 -5.543700000000000294e-01 -9.455446450000000169e-01 1.541881089999999899e-01 8.355502336000000696e+00 5.416700862999999089e+00
3.934400000000000119e-01 -5.517100000000000337e-01 -9.513105120000000525e-01 1.582679859999999994e-01 9.296251945999999933e+00 5.601085636000000534e+00
3.878199999999999981e-01 -5.501699999999999369e-01 -9.567864099999999761e-01 1.623528599999999877e-01 1.023700155999999950e+01 5.785470409000000203e+00
3.831199999999999606e-01 -5.495700000000000029e-01 -9.619933709999999305e-01 1.664423630000000098e-01 1.117775117000000051e+01 5.969855182000000760e+00
3.792200000000000015e-01 -5.497600000000000264e-01 -9.669504700000000064e-01 1.705361630000000184e-01 1.211850077999999975e+01 6.154239955000000428e+00
3.760000000000000009e-01 -5.506300000000000638e-01 -9.716750429999999605e-01 1.746339560000000068e-01 1.305925039000000076e+01 6.338624727999999209e+00
3.733599999999999697e-01 -5.520899999999999697e-01 -9.761828799999999751e-01 1.787354689999999802e-01 1.400000000000000000e+01 6.523009501000000654e+00
3.633699999999999708e-01 -5.457499999999999574e-01 -9.833750629999999937e-01 1.823733539999999875e-01 1.571428571000000041e+01 6.702692229000000168e+00
3.545800000000000063e-01 -5.405999999999999694e-01 -9.902855840000001075e-01 1.860203029999999980e-01 1.742857143000000164e+01 6.882374957999999765e+00
3.467899999999999872e-01 -5.364700000000000024e-01 -9.969300490000000403e-01 1.896757950000000081e-01 1.914285714000000027e+01 7.062057686000000167e+00
3.398800000000000154e-01 -5.332200000000000273e-01 -1.003322977999999921e+00 1.933393429999999968e-01 2.085714285999999973e+01 7.241740414999999764e+00
3.337100000000000066e-01 -5.307199999999999696e-01 -1.009477895000000069e+00 1.970104989999999778e-01 2.257142856999999836e+01 7.421423142999999278e+00
3.281999999999999917e-01 -5.288899999999999713e-01 -1.015407407999999956e+00 2.006888450000000046e-01 2.428571429000000137e+01 7.601105872000000652e+00
3.232499999999999818e-01 -5.276300000000000434e-01 -1.021123280999999938e+00 2.043739930000000038e-01 2.600000000000000000e+01 7.780788600000000166e+00
3.125600000000000045e-01 -5.204600000000000337e-01 -1.029970070999999932e+00 2.078962520000000036e-01 2.828571429000000137e+01 7.930354568999999465e+00
3.029800000000000271e-01 -5.144100000000000339e-01 -1.038521440000000018e+00 2.114342399999999955e-01 3.057142856999999836e+01 8.079920538999999735e+00
2.943300000000000360e-01 -5.093199999999999950e-01 -1.046790753000000018e+00 2.149871789999999727e-01 3.285714286000000328e+01 8.229486507999999034e+00
2.865099999999999869e-01 -5.050600000000000644e-01 -1.054790660999999963e+00 2.185543410000000131e-01 3.514285713999999672e+01 8.379052477000000110e+00
2.793900000000000272e-01 -5.015199999999999658e-01 -1.062533143000000013e+00 2.221350400000000058e-01 3.742857142999999809e+01 8.528618445999999409e+00
2.728999999999999759e-01 -4.986300000000000177e-01 -1.070029542000000111e+00 2.257286330000000119e-01 3.971428570999999863e+01 8.678184416000000567e+00
2.669500000000000206e-01 -4.962899999999999534e-01 -1.077290603000000013e+00 2.293345130000000176e-01 4.200000000000000000e+01 8.827750384999999866e+00
2.661499999999999977e-01 -4.992600000000000371e-01 -1.081023180999999944e+00 2.331063050000000136e-01 3.957142857000000191e+01 9.039366717000000051e+00
2.654799999999999938e-01 -5.023600000000000287e-01 -1.084636842000000101e+00 2.368812410000000201e-01 3.714285713999999672e+01 9.250983049000000236e+00
2.649199999999999888e-01 -5.055800000000000294e-01 -1.088137091999999972e+00 2.406591739999999757e-01 3.471428570999999863e+01 9.462599381000000420e+00
2.644699999999999829e-01 -5.089100000000000845e-01 -1.091529104999999999e+00 2.444399639999999818e-01 3.228571429000000137e+01 9.674215713999998911e+00
2.641199999999999659e-01 -5.123400000000000176e-01 -1.094817750000000034e+00 2.482234810000000236e-01 2.985714285999999973e+01 9.885832046000000872e+00
2.638499999999999734e-01 -5.158599999999999852e-01 -1.098007613000000049e+00 2.520096019999999992e-01 2.742857143000000164e+01 1.009744837999999945e+01
2.636699999999999600e-01 -5.194699999999999873e-01 -1.101103017000000017e+00 2.557982109999999976e-01 2.500000000000000000e+01 1.030906470999999947e+01
2.706000000000000072e-01 -5.309399999999999675e-01 -1.099439607000000096e+00 2.603317470000000022e-01 2.400000000000000000e+01 1.049935168999999924e+01
2.775599999999999734e-01 -5.424200000000000133e-01 -1.097833145000000066e+00 2.648659789999999736e-01 2.300000000000000000e+01 1.068963867999999984e+01
2.845300000000000051e-01 -5.539300000000000335e-01 -1.096280762000000131e+00 2.694008720000000134e-01 2.200000000000000000e+01 1.087992565999999961e+01
2.915300000000000114e-01 -5.654700000000000282e-01 -1.094779780999999952e+00 2.739363919999999730e-01 2.100000000000000000e+01 1.107021263999999938e+01
2.985499999999999821e-01 -5.770199999999999774e-01 -1.093327697000000098e+00 2.784725089999999792e-01 2.000000000000000000e+01 1.126049961999999915e+01
3.055900000000000283e-01 -5.886000000000000121e-01 -1.091922164000000084e+00 2.830091939999999640e-01 1.900000000000000000e+01 1.145078660999999975e+01
3.126499999999999835e-01 -6.001900000000000013e-01 -1.090560984999999983e+00 2.875464209999999965e-01 1.800000000000000000e+01 1.164107358999999953e+01
3.126499999999999835e-01 -6.001900000000000013e-01 -1.090560984999999983e+00 2.875464209999999965e-01 1.800000000000000000e+01 1.164107358999999953e+01
3.183400000000000118e-01 -6.368699999999999362e-01 -1.107270662999999988e+00 3.185324710000000392e-01 1.600000000000000000e+01 1.265585055000000025e+01
3.813300000000000023e-01 -7.284899999999999709e-01 -1.088569405000000101e+00 3.471667129999999601e-01 1.455302642000000013e+01 1.362490000000000023e+01
4.653899999999999704e-01 -8.562999999999999501e-01 -1.072961062000000076e+00 3.909046099999999857e-01 1.248942115000000008e+01 1.515946321000000019e+01
5.643199999999999328e-01 -9.918700000000000294e-01 -1.053522064999999897e+00 4.275455470000000258e-01 1.127580913999999979e+01 1.695863329000000164e+01
7.175699999999999301e-01 -1.187899999999999956e+00 -1.027398411999999928e+00 4.703477249999999943e-01 9.948587767000001136e+00 1.831108702999999949e+01
1.003300000000000081e+00 -1.523000000000000131e+00 -9.883142629999999151e-01 5.197771700000000106e-01 8.900000000000000355e+00 1.985003022000000072e+01
1.283800000000000052e+00 -1.850800000000000001e+00 -9.643618520000000194e-01 5.670534950000000185e-01 8.300000000000000711e+00 2.122992672000000169e+01
1.794300000000000006e+00 -2.408599999999999852e+00 -9.305414899999999712e-01 6.143409180000000136e-01 7.900000000000000355e+00 2.282262327999999840e+01
2.331999999999999851e+00 -3.000700000000000145e+00 -9.101381100000000002e-01 6.686812970000000078e-01 7.503651183999999752e+00 2.454810000000000159e+01
4.248499999999999943e+00 -4.978799999999999670e+00 -8.643782570000000387e-01 7.302906859999999112e-01 7.058690913999999594e+00 2.589387183999999920e+01
6.813299999999999912e+00 -7.603200000000000180e+00 -8.401328470000000159e-01 7.898717219999999983e-01 6.612599999999999589e+00 2.744611778999999885e+01
1.587099999999999866e+01 -1.672299999999999898e+01 -8.115333270000000265e-01 8.520674470000000333e-01 6.113393341000000092e+00 2.915565056999999882e+01
2.484499999999999886e+01 -2.391900000000000048e+01 -7.663947540000000114e-01 9.267931340000000739e-01 4.762933068999999797e+00 3.081934886999999890e+01
9.144399999999999196e+00 -8.134399999999999409e+00 -7.270071859999999164e-01 1.010074552000000070e+00 4.072799999999999976e+00 3.250420970000000409e+01
6.177399999999999558e+00 -5.077600000000000335e+00 -6.879915709999999684e-01 1.099793438000000068e+00 3.319999999999999840e+00 3.531584345000000269e+01
6.177399999999999558e+00 -5.077600000000000335e+00 -6.879915709999999684e-01 1.099793438000000068e+00 3.319999999999999840e+00 3.531584345000000269e+01
6.414900000000000269e+00 -5.310399999999999565e+00 -6.914808000000001176e-01 1.104459261999999997e+00 3.302857143000000217e+00 3.216628311000000195e+01
6.668599999999999639e+00 -5.559400000000000119e+00 -6.949406309999999198e-01 1.109138420000000069e+00 3.285714286000000151e+00 2.901672277999999849e+01
6.940100000000000158e+00 -5.826299999999999812e+00 -6.983713520000000008e-01 1.113830743000000068e+00 3.268571428999999640e+00 2.586716244000000131e+01
7.231499999999999595e+00 -6.112999999999999545e+00 -7.017732490000000434e-01 1.118536065000000024e+00 3.251428571000000378e+00 2.271760211000000140e+01
7.544900000000000162e+00 -6.421700000000000408e+00 -7.051466050000000374e-01 1.123254224000000079e+00 3.234285713999999867e+00 1.956804177000000067e+01
7.882999999999999119e+00 -6.754999999999999893e+00 -7.084917029999999727e-01 1.127985057000000069e+00 3.217142856999999800e+00 1.641848144000000076e+01
8.248699999999999477e+00 -7.116000000000000547e+00 -7.118088229999999239e-01 1.132728407000000104e+00 3.200000000000000178e+00 1.326892110000000180e+01
5.870300000000000296e+00 -4.670700000000000074e+00 -6.720821029999999308e-01 1.199612812000000028e+00 2.968221871999999983e+00 1.205576259999999955e+01
4.864099999999999646e+00 -3.595899999999999874e+00 -6.366006530000000163e-01 1.268189140999999909e+00 2.736443743999999789e+00 1.084260409999999908e+01
4.333499999999999908e+00 -2.995299999999999851e+00 -6.047949940000000302e-01 1.338197309999999973e+00 2.504665616000000039e+00 9.629445597000000134e+00
4.023699999999999832e+00 -2.614300000000000068e+00 -5.761774179999999967e-01 1.409423970999999831e+00 2.272887488999999928e+00 8.416287096999999662e+00
3.834200000000000053e+00 -2.352500000000000036e+00 -5.503319920000000476e-01 1.481693410999999960e+00 2.041109360999999733e+00 7.203128595999999995e+00
3.717699999999999783e+00 -2.162799999999999834e+00 -5.269045220000000418e-01 1.554860231999999787e+00 1.809331233000000205e+00 5.989970095000000327e+00
3.648699999999999832e+00 -2.019800000000000040e+00 -5.055933089999999908e-01 1.628803506999999984e+00 1.577553105000000011e+00 4.776811593999999772e+00
3.648699999999999832e+00 -2.019800000000000040e+00 -5.055933089999999908e-01 1.628803506999999984e+00 1.577553105000000011e+00 4.776811593999999772e+00
4.088300000000000267e+00 -1.337099999999999955e+00 -3.160794610000000060e-01 2.751277140000000010e+00 0.000000000000000000e+00 0.000000000000000000e+00
