0.000000000000000000e+00 0.000000000000000000e+00 8.994036859999999800e-01 0.000000000000000000e+00 0.000000000000000000e+00 0.000000000000000000e+00
2.327299999999999855e-02 2.929200000000000206e-02 8.994036859999999800e-01 5.256584300000000098e-02 8.102225679999999208e-01 1.340378392999999946e+00
4.069400000000000100e-02 5.240199999999999719e-02 9.105080279999999693e-01 9.309611900000000495e-02 2.776530048000000139e+00 3.159703654999999944e+00
5.392999999999999877e-02 7.588400000000000700e-02 9.529367879999999236e-01 1.298136890000000099e-01 4.751625811999999449e+00 4.685242888999999522e+00
6.417300000000000781e-02 9.962899999999999534e-02 9.985674240000000923e-01 1.638020629999999977e-01 7.218001977999999319e+00 5.828685161000000114e+00
6.417300000000000781e-02 9.962899999999999534e-02 9.985674240000000923e-01 1.638020629999999977e-01 7.218001977999999319e+00 5.828685161000000114e+00
6.535399999999999543e-02 1.022600000000000037e-01 1.002107791000000026e+00 1.676099319999999893e-01 7.965605466000000412e+00 6.004987967999999121e+00
6.653499999999999692e-02 1.048800000000000010e-01 1.005490825999999949e+00 1.714198089999999786e-01 8.713208954000000617e+00 6.181290774999999904e+00
6.771699999999999942e-02 1.075099999999999945e-01 1.008726717000000050e+00 1.752315630000000068e-01 9.460812440999999851e+00 6.357593582000000687e+00
6.889900000000000191e-02 1.101499999999999979e-01 1.011824795000000110e+00 1.790450729999999990e-01 1.020841592999999925e+01 6.533896389999999776e+00
7.008099999999999052e-02 1.127799999999999914e-01 1.014793625999999893e+00 1.828602300000000125e-01 1.095601942000000051e+01 6.710199197000000559e+00
7.126299999999999302e-02 1.154099999999999848e-01 1.017641083000000002e+00 1.866769330000000171e-01 1.170362290000000094e+01 6.886502003999999566e+00
7.244500000000000939e-02 1.180500000000000022e-01 1.020374415999999895e+00 1.904950889999999786e-01 1.245122639000000042e+01 7.062804811000000349e+00
7.362799999999999900e-02 1.206900000000000056e-01 1.023000313000000050e+00 1.943146119999999977e-01 1.319882987999999990e+01 7.239107617999999356e+00
7.447299999999999753e-02 1.231299999999999895e-01 1.026836741999999969e+00 1.976035339999999974e-01 1.478603176000000019e+01 7.335952048999999420e+00
7.531799999999999606e-02 1.255799999999999972e-01 1.030547502999999976e+00 2.008952689999999874e-01 1.637323363999999870e+01 7.432796480000000372e+00
7.616299999999999459e-02 1.280300000000000049e-01 1.034138572000000034e+00 2.041896800000000123e-01 1.796043552000000076e+01 7.529640911000000436e+00
7.700800000000000700e-02 1.304799999999999849e-01 1.037615560999999964e+00 2.074866419999999989e-01 1.954763739999999927e+01 7.626485342000000500e+00
7.785399999999999265e-02 1.329299999999999926e-01 1.040983739999999935e+00 2.107860330000000115e-01 2.113483928000000134e+01 7.723329772999999676e+00
7.870000000000000606e-02 1.353900000000000103e-01 1.044248064999999892e+00 2.140877419999999975e-01 2.272204115999999985e+01 7.820174203999999740e+00
7.954600000000000559e-02 1.378500000000000003e-01 1.047413200999999905e+00 2.173916630000000128e-01 2.430924303999999836e+01 7.917018634999999804e+00
8.039199999999999124e-02 1.403099999999999903e-01 1.050483540000000104e+00 2.206976960000000265e-01 2.589644492000000042e+01 8.013863066000000757e+00
8.072500000000000508e-02 1.431300000000000072e-01 1.057273722000000138e+00 2.238572810000000191e-01 2.801523282999999864e+01 8.202612955999999400e+00
8.105900000000000605e-02 1.459700000000000164e-01 1.063874600999999975e+00 2.270268999999999759e-01 3.013402075000000124e+01 8.391362845999999820e+00
8.139400000000000801e-02 1.488099999999999978e-01 1.070293429999999990e+00 2.302061389999999763e-01 3.225280865999999946e+01 8.580112736000000240e+00
8.172899999999999610e-02 1.516699999999999993e-01 1.076537132999999979e+00 2.333946030000000060e-01 3.437159657000000124e+01 8.768862627000000742e+00
8.206399999999999806e-02 1.545300000000000007e-01 1.082612311999999966e+00 2.365919210000000106e-01 3.649038448000000301e+01 8.957612517000001162e+00
8.239900000000000002e-02 1.574000000000000121e-01 1.088525267999999935e+00 2.397977369999999830e-01 3.860917239999999850e+01 9.146362406999999806e+00
8.273400000000000198e-02 1.602800000000000058e-01 1.094282015999999969e+00 2.430117169999999882e-01 4.072796031000000028e+01 9.335112297000000225e+00
8.306900000000000395e-02 1.631599999999999995e-01 1.099888297999999986e+00 2.462335389999999735e-01 4.284674822000000205e+01 9.523862187000000645e+00
8.370199999999999863e-02 1.668199999999999961e-01 1.105760585000000074e+00 2.505268010000000212e-01 4.021103104000000172e+01 9.746738095999999629e+00
8.433500000000000718e-02 1.704900000000000027e-01 1.111434809000000135e+00 2.548284110000000324e-01 3.757531385000000057e+01 9.969614005000000390e+00
8.496800000000000186e-02 1.741699999999999915e-01 1.116920475999999995e+00 2.591379530000000320e-01 3.493959667000000024e+01 1.019248991000000082e+01
8.559999999999999554e-02 1.778500000000000081e-01 1.122226517999999951e+00 2.634550370000000030e-01 3.230387948999999992e+01 1.041536581999999989e+01
8.623200000000000309e-02 1.815499999999999892e-01 1.127361330000000050e+00 2.677792999999999424e-01 2.966816230000000232e+01 1.063824173000000073e+01
8.686299999999999577e-02 1.852499999999999980e-01 1.132332812000000022e+00 2.721103990000000028e-01 2.703244511999999844e+01 1.086111763999999980e+01
8.749400000000000233e-02 1.889500000000000068e-01 1.137148398999999976e+00 2.764480119999999652e-01 2.439672793000000084e+01 1.108399355000000064e+01
8.812399999999999400e-02 1.926700000000000079e-01 1.141815097999999917e+00 2.807918380000000158e-01 2.176101075000000051e+01 1.130686945999999971e+01
8.812399999999999400e-02 1.926700000000000079e-01 1.141815097999999917e+00 2.807918380000000158e-01 2.176101075000000051e+01 1.130686945999999971e+01
1.006900000000000017e-01 2.077800000000000202e-01 1.119563466000000007e+00 3.084662670000000162e-01 1.789273264999999924e+01 1.261855580000000110e+01
1.105099999999999971e-01 2.461500000000000077e-01 1.148813579000000029e+00 3.566582520000000089e-01 1.617365192999999834e+01 1.505692838000000044e+01
1.235400000000000109e-01 2.555999999999999939e-01 1.120582634000000022e+00 3.791415750000000084e-01 1.347309150999999972e+01 1.586829999999999963e+01
1.402599999999999958e-01 2.707800000000000207e-01 1.092847130000000000e+00 4.110418079999999530e-01 1.193130440000000014e+01 1.706666667000000004e+01
1.588700000000000112e-01 3.141100000000000003e-01 1.102535300999999857e+00 4.729763889999999971e-01 1.049877601999999932e+01 1.991111111000000022e+01
1.801299999999999846e-01 3.357199999999999629e-01 1.078333272999999926e+00 5.158488260000000381e-01 9.721933213999999879e+00 2.133333332999999854e+01
2.104400000000000159e-01 3.462999999999999967e-01 1.024761220000000028e+00 5.567410329999999963e-01 8.865500000000000824e+00 2.275555556000000124e+01
2.368999999999999995e-01 3.699600000000000111e-01 1.001249242999999955e+00 6.068594409999999995e-01 8.143480449000000121e+00 2.445105193999999926e+01
2.691100000000000159e-01 3.786599999999999966e-01 9.529340929999999821e-01 6.477683749999999518e-01 7.696240757999999182e+00 2.540859999999999985e+01
2.952000000000000179e-01 4.272000000000000242e-01 9.661250740000000281e-01 7.224071690000000157e-01 6.606696727000000102e+00 2.915555555999999982e+01
3.473399999999999821e-01 4.344800000000000328e-01 8.963947890000000251e-01 7.818250300000000319e-01 6.219299999999999606e+00 2.986666667000000075e+01
3.776700000000000057e-01 4.586000000000000076e-01 8.818621349999999914e-01 8.362710009999999583e-01 6.002277516000000368e+00 3.204079999999999728e+01
4.277000000000000246e-01 4.727199999999999736e-01 8.353605069999999744e-01 9.004156309999999941e-01 5.543087657999999252e+00 3.342222222000000187e+01
4.749300000000000188e-01 4.968500000000000139e-01 8.079474790000000795e-01 9.717861759999999460e-01 5.117099999999999760e+00 3.585467320000000058e+01
5.440000000000000391e-01 5.109399999999999498e-01 7.540755630000000043e-01 1.054942314000000048e+00 4.500944233000000239e+00 3.771777356999999853e+01
6.118700000000000250e-01 5.416999999999999593e-01 7.246512109999999618e-01 1.153570988000000019e+00 3.154300000000000104e+00 4.059935632999999910e+01
6.118700000000000250e-01 5.416999999999999593e-01 7.246512109999999618e-01 1.153570988000000019e+00 3.154300000000000104e+00 4.059935632999999910e+01
6.116599999999999815e-01 5.431000000000000272e-01 7.260922390000000837e-01 1.154757199000000067e+00 3.157367963000000000e+00 3.699625953999999695e+01
6.114600000000000035e-01 5.444899999999999185e-01 7.275303069999999872e-01 1.155945803000000049e+00 3.160435926999999978e+00 3.339316275000000189e+01
6.112499999999999600e-01 5.458800000000000319e-01 7.289654179999999206e-01 1.157136793000000052e+00 3.163503889999999874e+00 2.979006595999999973e+01
6.110499999999999821e-01 5.472799999999999887e-01 7.303975750000000211e-01 1.158330160999999858e+00 3.166571853000000214e+00 2.618696916000000030e+01
6.108500000000000041e-01 5.486699999999999910e-01 7.318267809999999818e-01 1.159525900999999859e+00 3.169639816000000110e+00 2.258387237000000169e+01
6.106500000000000261e-01 5.500699999999999479e-01 7.332530400000000226e-01 1.160724002999999893e+00 3.172707780000000088e+00 1.898077557999999954e+01
6.104500000000000481e-01 5.514700000000000157e-01 7.346763540000000869e-01 1.161924461999999991e+00 3.175775742999999984e+00 1.537767878999999915e+01
6.717999999999999527e-01 5.616200000000000081e-01 6.963037340000000075e-01 1.233422725999999914e+00 2.950106475000000117e+00 1.396592376000000080e+01
7.341699999999999893e-01 5.723600000000000909e-01 6.621800949999999686e-01 1.306536934000000150e+00 2.724437208000000332e+00 1.255416873000000066e+01
7.974799999999999667e-01 5.835399999999999476e-01 6.317044239999999311e-01 1.381010453000000027e+00 2.498767940000000021e+00 1.114241369999999876e+01
8.616200000000000525e-01 5.950100000000000389e-01 6.043699240000000028e-01 1.456634805999999838e+00 2.273098671999999709e+00 9.730658675000000812e+00
9.265299999999999647e-01 6.067100000000000826e-01 5.797499360000000213e-01 1.533239714000000031e+00 2.047429403999999842e+00 8.318903646000000762e+00
9.921399999999999109e-01 6.185500000000000442e-01 5.574850829999999924e-01 1.610685275000000027e+00 1.821760136999999835e+00 6.907148617999999907e+00
1.058400000000000007e+00 6.304899999999999949e-01 5.372720720000000449e-01 1.688855844999999967e+00 1.596090868999999968e+00 5.495393588999999857e+00
1.058400000000000007e+00 6.304899999999999949e-01 5.372720720000000449e-01 1.688855844999999967e+00 1.596090868999999968e+00 5.495393588999999857e+00
1.380100000000000104e+00 6.855200000000000182e-01 4.610095579999999860e-01 2.065645431000000087e+00 0.000000000000000000e+00 0.000000000000000000e+00
