0.000000000000000000e+00 0.000000000000000000e+00 1.570796300000000034e+00 0.000000000000000000e+00 0.000000000000000000e+00 0.000000000000000000e+00
1.440000000000000197e-09 5.387799999999999534e-02 1.570796300000000034e+00 5.387820799999999688e-02 0.000000000000000000e+00 1.968113219000000136e+00
2.560000000000000259e-09 9.550399999999999168e-02 1.570796300000000034e+00 9.550434699999998944e-02 0.000000000000000000e+00 3.988844944999999864e+00
3.650000000000000010e-09 1.362299999999999900e-01 1.570796300000000034e+00 1.362279640000000069e-01 0.000000000000000000e+00 6.083800878999999995e+00
4.699999999999999900e-09 1.755799999999999861e-01 1.570796300000000034e+00 1.755776619999999955e-01 0.000000000000000000e+00 8.014198700000001452e+00
5.749999999999999376e-09 2.146900000000000197e-01 1.570796300000000034e+00 2.146907189999999743e-01 0.000000000000000000e+00 9.991846611999999794e+00
6.820000000000000851e-09 2.546199999999999575e-01 1.570796300000000034e+00 2.546203369999999744e-01 0.000000000000000000e+00 1.179365400999999913e+01
7.879999999999998431e-09 2.941300000000000026e-01 1.570796300000000034e+00 2.941262539999999759e-01 0.000000000000000000e+00 1.355046163999999997e+01
8.869999999999999355e-09 3.308400000000000230e-01 1.570796300000000034e+00 3.308448609999999901e-01 0.000000000000000000e+00 1.563848284000000000e+01
9.980000000000000692e-09 3.724699999999999678e-01 1.570796300000000034e+00 3.724671039999999933e-01 0.000000000000000000e+00 1.763047270999999938e+01
1.110000000000000179e-08 4.145800000000000041e-01 1.570796300000000034e+00 4.145779229999999593e-01 0.000000000000000000e+00 1.931190824000000106e+01
1.209999999999999916e-08 4.498100000000000431e-01 1.570796300000000034e+00 4.498056599999999960e-01 0.000000000000000000e+00 2.093179999999999907e+01
1.340000000000000088e-08 4.987800000000000011e-01 1.570796300000000034e+00 4.987805140000000081e-01 0.000000000000000000e+00 2.318392164999999849e+01
1.439999999999999990e-08 5.385499999999999732e-01 1.570796300000000034e+00 5.385458490000000209e-01 0.000000000000000000e+00 2.577886376000000013e+01
1.530000000000000135e-08 5.723399999999999599e-01 1.570796300000000034e+00 5.723437500000000400e-01 0.000000000000000000e+00 2.772727751000000040e+01
1.689999999999999913e-08 6.307399999999999674e-01 1.570796300000000034e+00 6.307380740000000374e-01 0.000000000000000000e+00 3.005363836000000077e+01
1.809999999999999995e-08 6.759500000000000508e-01 1.570796300000000034e+00 6.759534790000000237e-01 0.000000000000000000e+00 3.255619656999999734e+01
1.909999999999999898e-08 7.145600000000000840e-01 1.570796300000000034e+00 7.145624999999999893e-01 0.000000000000000000e+00 3.490674087000000014e+01
2.029999999999999649e-08 7.561899999999999178e-01 1.570796300000000034e+00 7.561875000000000124e-01 0.000000000000000000e+00 3.664381111000000146e+01
2.169999999999999910e-08 8.095499999999999918e-01 1.570796300000000034e+00 8.095490940000000801e-01 0.000000000000000000e+00 3.954515634999999918e+01
2.249999999999999964e-08 8.394399999999999640e-01 1.570796300000000034e+00 8.394374999999999476e-01 0.000000000000000000e+00 4.201889892999999887e+01
2.370000000000000046e-08 8.845299999999999274e-01 1.570796300000000034e+00 8.845312499999999911e-01 0.000000000000000000e+00 4.405256622999999649e+01
2.499999999999999887e-08 9.327499999999999680e-01 1.570796300000000034e+00 9.327530979999999472e-01 0.000000000000000000e+00 4.729415283000000159e+01
2.609999999999999879e-08 9.747799999999999798e-01 1.570796300000000034e+00 9.747764479999999621e-01 0.000000000000000000e+00 4.979005509000000274e+01
2.790000000000000168e-08 1.040599999999999969e+00 1.570796300000000034e+00 1.040624999999999911e+00 0.000000000000000000e+00 5.352703335000000351e+01
2.790000000000000168e-08 1.040599999999999969e+00 1.570796300000000034e+00 1.040624999999999911e+00 0.000000000000000000e+00 5.352703335000000351e+01
2.799999999999999926e-08 1.044100000000000028e+00 1.570796300000000034e+00 1.044140625000000044e+00 0.000000000000000000e+00 5.039170974000000314e+01
2.810000000000000016e-08 1.047700000000000076e+00 1.570796300000000034e+00 1.047656249999999956e+00 0.000000000000000000e+00 4.725638612000000194e+01
2.819999999999999774e-08 1.051199999999999912e+00 1.570796300000000034e+00 1.051171875000000089e+00 0.000000000000000000e+00 4.412106251000000157e+01
2.830000000000000195e-08 1.054699999999999971e+00 1.570796300000000034e+00 1.054687500000000000e+00 0.000000000000000000e+00 4.098573889999999409e+01
2.839999999999999954e-08 1.058200000000000029e+00 1.570796300000000034e+00 1.058203124999999911e+00 0.000000000000000000e+00 3.785041528000000000e+01
2.839999999999999954e-08 1.061700000000000088e+00 1.570796300000000034e+00 1.061718750000000044e+00 0.000000000000000000e+00 3.471509166999999962e+01
2.850000000000000043e-08 1.065199999999999925e+00 1.570796300000000034e+00 1.065234374999999956e+00 0.000000000000000000e+00 3.157976804999999842e+01
2.859999999999999802e-08 1.068699999999999983e+00 1.570796300000000034e+00 1.068750000000000089e+00 0.000000000000000000e+00 2.844444444000000161e+01
2.859999999999999802e-08 1.068699999999999983e+00 1.570796300000000034e+00 1.068750000000000089e+00 0.000000000000000000e+00 2.844444444000000161e+01
2.859999999999999802e-08 1.068699999999999983e+00 1.570796300000000034e+00 1.068750000000000089e+00 0.000000000000000000e+00 2.844444444000000161e+01
2.890000000000000070e-08 1.080000000000000071e+00 1.570796300000000034e+00 1.080000000000000071e+00 0.000000000000000000e+00 2.560000000000000142e+01
2.920000000000000008e-08 1.091199999999999948e+00 1.570796300000000034e+00 1.091250000000000053e+00 0.000000000000000000e+00 2.275555555000000041e+01
2.950000000000000277e-08 1.102500000000000036e+00 1.570796300000000034e+00 1.102500000000000036e+00 0.000000000000000000e+00 1.991111111000000022e+01
2.979999999999999884e-08 1.113699999999999912e+00 1.570796300000000034e+00 1.113750000000000018e+00 0.000000000000000000e+00 1.706666665999999921e+01
3.009999999999999821e-08 1.125000000000000000e+00 1.570796300000000034e+00 1.125000000000000000e+00 0.000000000000000000e+00 1.422222222000000080e+01
3.110000000000000055e-08 1.162500000000000089e+00 1.570796300000000034e+00 1.162500000000000089e+00 0.000000000000000000e+00 1.280000000000000071e+01
3.220000000000000378e-08 1.199999999999999956e+00 1.570796300000000034e+00 1.199999999999999956e+00 0.000000000000000000e+00 1.137777778000000062e+01
3.319999999999999950e-08 1.237500000000000044e+00 1.570796300000000034e+00 1.237500000000000044e+00 0.000000000000000000e+00 9.955555555000000112e+00
3.420000000000000184e-08 1.274999999999999911e+00 1.570796300000000034e+00 1.274999999999999911e+00 0.000000000000000000e+00 8.533333332999999854e+00
3.519999999999999756e-08 1.312500000000000000e+00 1.570796300000000034e+00 1.312500000000000000e+00 0.000000000000000000e+00 7.111111111000000484e+00
3.519999999999999756e-08 1.312500000000000000e+00 1.570796300000000034e+00 1.312500000000000000e+00 0.000000000000000000e+00 7.111111111000000484e+00
4.019999999999999601e-08 1.498499999999999943e+00 1.570796300000000034e+00 1.498499999999999943e+00 0.000000000000000000e+00 0.000000000000000000e+00
